-0.0320864
0.0149552
0.014419
0.0123282
0.0138691
-0.0508108
0.0279497
0.0667266
0.0116027
0.0531306
-0.0576687
-0.0265806
0.0085214
-0.0592979
-0.0378294
0.0122975
-0.0640006
0.0555889
0.0254298
0.0446198
-0.037615
-0.0870274
0.0492335
0.0271834
0.0194966
-0.017339
-0.0698554
-0.0286794
0.0127022
0.00565144
-0.0556789
-0.0249851
-0.0287405
763.098
-0.0237029
0.0213632
0.035462
0.0212378
-0.046629
0.201632
-0.0342676
-0.0450107
0.017533
-0.00627703
0.046314
0.0157692
-0.0029131
0.0124668
0.0419772
0.0471115
0.0419302
0.0186442
-0.0177858
-0.0461091
0.0178332
0.0194613
-0.0445738
0.0131402
-0.0522187
-0.069198
0.0144578
0.0185643
0.00191879
0.0199381
0.0215377
0.0342011
0.013239
0.0142628
-0.0602905
0.0404501
-0.0393283
-0.0683385
0.00698658
0.0256958
0.195733
0.00185336
-0.0541278
-0.0383043
0.00924845
0.0859667
0.0140644
-0.0652244
-0.0262782
0.0416603
0.0174166
0.00675239
-0.0546353
0.0195975
-0.0454603
-0.0571112
0.0139254
-0.0271393
-0.00365876
0.032863
-0.044499
0.0454069
-0.0623145
0.0235989
0.0222107
-0.0629653
0.0162216
-0.0302227
-0.0509005
0.0152714
0.0127616
0.0425385
0.0128588
-0.0480701
0.0268006
0.0135752
0.0131134
0.0144108
0.00993965
-0.0333166
0.0234227
0.0115149
0.0144695
0.0274472
-0.0785977
332.963
-0.0484508
0.0122891
-0.0753048
0.000119514
957.174
0.0287448
0.00181525
0.00677724
0.0215506
0.0635621
0.0020068
0.0143796
0.0122617
0.0267023
-0.061475
0.0450587
0.0419804
0.312932
0.0246153
0.0172578
0.0189423
-0.0238947
0.0151151
0.0139218
0.021504
0.020055
0.0134982
-0.0490387
0.0140744
0.0132124
0.0138346
-0.00423934
3038.38
0.0235567
-0.0620821
0.013161
0.0137704
-0.0413183
0.0346293
0.0186791
0.0124974
-0.0117855
4436.47
0.0293173
0.0202316
0.0149988
0.0483553
-0.0325176
0.0146689
0.0212235
-0.0256976
0.0173396
-0.0891554
0.00273564
0.108417
-0.112289
-0.0799835
0.0651855
-0.0659327
-0.0137709
0.0245883
-0.0682927
0.00308829
0.0126705
1506.23
0.0209333
-0.0369398
0.0068884
-0.00140033
0.0146526
0.0143921
0.0177064
-0.0374341
-0.065086
-0.0397271
-0.0570253
0.0255384
-0.0652752
0.0244186
-0.0257476
0.0126545
0.000712327
0.013948
0.0147338
0.051364
0.00462946
0.0153217
0.0194566
-0.068996
0.0406923
0.0166928
0.0154743
0.0209635
-0.0190072
0.0176501
0.0127017
0.0247034
0.0146823
0.0129681
0.0227887
-0.0528268
0.00699708
-0.0804439
-0.0786427
-0.045841
0.0290855
-0.0502732
0.122241
-0.0521852
-0.045836
0.0152458
0.00165508
-0.0493773
0.0199367
0.0421205
0.0125782
0.00923416
0.269905
-0.0639759
0.00875244
650.685
-0.0583071
-0.087272
0.0177164
8964.29
0.0101324
0.0150581
379.944
-0.0639751
-0.0431485
0.00507463
