0.17 24
0.175 84
0.18 90
0.185 102
0.19 101
0.195 124
0.2 92
0.205 102
0.21 100
0.215 77
0.22 108
0.225 97
0.23 102
0.235 101
0.24 112
0.245 102
0.25 91
0.255 106
0.26 92
0.265 94
0.27 91
0.275 87
0.28 91
0.285 100
0.29 91
0.295 94
0.3 86
0.305 91
0.31 96
0.315 83
0.32 85
0.325 91
0.33 112
0.335 88
0.34 89
0.345 96
0.35 85
0.355 100
0.36 87
0.365 87
0.37 85
0.375 81
0.38 93
0.385 103
0.39 98
0.395 86
0.4 107
0.405 90
0.41 81
0.415 115
0.42 84
0.425 103
0.43 89
0.435 103
0.44 112
0.445 77
0.45 89
0.455 102
0.46 96
0.465 94
0.47 90
0.475 86
0.48 73
0.485 105
0.49 95
0.495 90
0.5 92
0.505 96
0.51 76
0.515 87
0.52 102
0.525 86
0.53 91
0.535 106
0.54 72
0.545 76
0.55 86
0.555 85
0.56 105
0.565 82
0.57 102
0.575 81
0.58 80
0.585 81
0.59 78
0.595 110
0.6 90
0.605 81
0.61 87
0.615 72
0.62 86
0.625 82
0.63 75
0.635 86
0.64 66
0.645 83
0.65 87
0.655 85
0.66 81
0.665 84
0.67 76
0.675 88
0.68 80
0.685 89
0.69 81
0.695 86
0.7 96
0.705 86
0.71 92
0.715 85
0.72 87
0.725 77
0.73 74
0.735 76
0.74 68
0.745 77
0.75 81
0.755 75
0.76 76
0.765 93
0.77 82
0.775 82
0.78 76
0.785 80
0.79 74
0.795 77
0.8 84
0.805 74
0.81 77
0.815 76
0.82 81
0.825 78
0.83 66
0.835 88
0.84 85
0.845 65
0.85 64
0.855 61
0.86 79
0.865 70
0.87 74
0.875 71
0.88 82
0.885 76
0.89 80
0.895 70
0.9 70
0.905 89
0.91 81
0.915 80
0.92 66
0.925 73
0.93 74
0.935 87
0.94 69
0.945 73
0.95 61
0.955 69
0.96 85
0.965 68
0.97 54
0.975 70
0.98 68
0.985 65
0.99 62
0.995 74
1 90
1.005 55
1.01 80
1.015 82
1.02 73
1.025 70
1.03 65
1.035 74
1.04 70
1.045 74
1.05 72
1.055 64
1.06 85
1.065 64
1.07 73
1.075 83
1.08 83
1.085 81
1.09 77
1.095 82
1.1 78
1.105 74
1.11 66
1.115 64
1.12 54
1.125 72
1.13 65
1.135 59
1.14 66
1.145 57
1.15 54
1.155 78
1.16 83
1.165 61
1.17 68
1.175 65
1.18 62
1.185 56
1.19 63
1.195 54
1.2 60
1.205 51
1.21 56
1.215 54
1.22 61
1.225 55
1.23 66
1.235 67
1.24 57
1.245 67
1.25 72
1.255 62
1.26 62
1.265 54
1.27 62
1.275 52
1.28 61
1.285 52
1.29 67
1.295 60
1.3 64
1.305 46
1.31 62
1.315 61
1.32 80
1.325 64
1.33 73
1.335 60
1.34 63
1.345 58
1.35 65
1.355 71
1.36 59
1.365 61
1.37 53
1.375 59
1.38 61
1.385 55
1.39 63
1.395 56
1.4 55
1.405 62
1.41 58
1.415 53
1.42 56
1.425 52
1.43 60
1.435 65
1.44 46
1.445 58
1.45 70
1.455 60
1.46 52
1.465 62
1.47 65
1.475 71
1.48 60
1.485 61
1.49 55
1.495 64
1.5 48
1.505 62
1.51 67
1.515 52
1.52 56
1.525 62
1.53 58
1.535 63
1.54 56
1.545 57
1.55 57
1.555 42
1.56 54
1.565 62
1.57 47
1.575 47
1.58 53
1.585 62
1.59 48
1.595 53
1.6 53
1.605 56
1.61 70
1.615 59
1.62 53
1.625 61
1.63 37
1.635 50
1.64 55
1.645 57
1.65 54
1.655 49
1.66 49
1.665 51
1.67 55
1.675 58
1.68 43
1.685 54
1.69 52
1.695 59
1.7 45
1.705 55
1.71 60
1.715 45
1.72 58
1.725 53
1.73 53
1.735 46
1.74 42
1.745 52
1.75 45
1.755 49
1.76 41
1.765 51
1.77 54
1.775 55
1.78 45
1.785 64
1.79 41
1.795 51
1.8 42
1.805 50
1.81 38
1.815 51
1.82 46
1.825 36
1.83 47
1.835 49
1.84 57
1.845 52
1.85 47
1.855 58
1.86 38
1.865 39
1.87 31
1.875 51
1.88 49
1.885 32
1.89 42
1.895 46
1.9 48
1.905 42
1.91 34
1.915 37
1.92 45
1.925 47
1.93 37
1.935 51
1.94 50
1.945 46
1.95 43
1.955 57
1.96 36
1.965 47
1.97 33
1.975 35
1.98 53
1.985 38
1.99 34
1.995 49
2 38
2.005 37
2.01 41
2.015 48
2.02 46
2.025 43
2.03 35
2.035 53
2.04 36
2.045 53
2.05 40
2.055 23
2.06 53
2.065 39
2.07 46
2.075 37
2.08 41
2.085 42
2.09 42
2.095 29
2.1 44
2.105 51
2.11 34
2.115 43
2.12 39
2.125 49
2.13 49
2.135 35
2.14 48
2.145 45
2.15 50
2.155 37
2.16 51
2.165 45
2.17 44
2.175 38
2.18 42
2.185 45
2.19 29
2.195 41
2.2 49
2.205 39
2.21 32
2.215 36
2.22 46
2.225 45
2.23 52
2.235 37
2.24 46
2.245 31
2.25 38
2.255 31
2.26 32
2.265 30
2.27 32
2.275 48
2.28 42
2.285 44
2.29 46
2.295 47
2.3 28
2.305 34
2.31 27
2.315 36
2.32 32
2.325 50
2.33 35
2.335 38
2.34 31
2.345 35
2.35 46
2.355 45
2.36 44
2.365 36
2.37 36
2.375 37
2.38 32
2.385 43
2.39 44
2.395 37
2.4 49
2.405 37
2.41 37
2.415 34
2.42 32
2.425 31
2.43 31
2.435 46
2.44 39
2.445 37
2.45 34
2.455 40
2.46 48
2.465 34
2.47 50
2.475 26
2.48 40
2.485 35
2.49 51
2.495 40
2.5 39
2.505 31
2.51 29
2.515 29
2.52 37
2.525 40
2.53 29
2.535 30
2.54 48
2.545 25
2.55 38
2.555 41
2.56 38
2.565 27
2.57 38
2.575 27
2.58 43
2.585 34
2.59 38
2.595 27
2.6 36
2.605 38
2.61 32
2.615 43
2.62 32
2.625 35
2.63 39
2.635 29
2.64 32
2.645 29
2.65 32
2.655 41
2.66 35
2.665 34
2.67 33
2.675 36
2.68 34
2.685 25
2.69 33
2.695 18
2.7 31
2.705 41
2.71 31
2.715 30
2.72 39
2.725 37
2.73 30
2.735 27
2.74 25
2.745 42
2.75 31
2.755 24
2.76 38
2.765 34
2.77 33
2.775 33
2.78 33
2.785 31
2.79 29
2.795 30
2.8 29
2.805 27
2.81 31
2.815 34
2.82 26
2.825 24
2.83 34
2.835 25
2.84 26
2.845 30
2.85 41
2.855 23
2.86 30
2.865 42
2.87 30
2.875 35
2.88 23
2.885 23
2.89 29
2.895 19
2.9 34
2.905 20
2.91 27
2.915 31
2.92 27
2.925 18
2.93 29
2.935 32
2.94 33
2.945 28
2.95 30
2.955 36
2.96 24
2.965 42
2.97 28
2.975 31
2.98 34
2.985 29
2.99 36
2.995 33
3 31
3.005 30
3.01 25
3.015 36
3.02 22
3.025 25
3.03 23
3.035 18
3.04 36
3.045 32
3.05 23
3.055 17
3.06 27
3.065 31
3.07 35
3.075 27
3.08 27
3.085 33
3.09 23
3.095 19
3.1 30
3.105 29
3.11 32
3.115 34
3.12 21
3.125 37
3.13 23
3.135 20
3.14 37
3.145 26
3.15 28
3.155 26
3.16 27
3.165 22
3.17 27
3.175 19
3.18 15
3.185 22
3.19 25
3.195 21
3.2 21
3.205 28
3.21 26
3.215 34
3.22 28
3.225 22
3.23 28
3.235 32
3.24 27
3.245 28
3.25 29
3.255 26
3.26 20
3.265 26
3.27 24
3.275 18
3.28 27
3.285 24
3.29 25
3.295 28
3.3 20
3.305 21
3.31 22
3.315 20
3.32 20
3.325 20
3.33 22
3.335 39
3.34 22
3.345 23
3.35 11
3.355 21
3.36 21
3.365 29
3.37 28
3.375 15
3.38 25
3.385 21
3.39 21
3.395 31
3.4 30
3.405 26
3.41 16
3.415 22
3.42 20
3.425 30
3.43 23
3.435 13
3.44 26
3.445 30
3.45 23
3.455 24
3.46 22
3.465 27
3.47 24
3.475 24
3.48 22
3.485 16
3.49 12
3.495 21
3.5 19
3.505 26
3.51 24
3.515 21
3.52 23
3.525 13
3.53 25
3.535 29
3.54 25
3.545 21
3.55 23
3.555 24
3.56 21
3.565 11
3.57 19
3.575 26
3.58 25
3.585 16
3.59 21
3.595 20
3.6 25
3.605 18
3.61 16
3.615 24
3.62 11
3.625 20
3.63 14
3.635 16
3.64 19
3.645 32
3.65 18
3.655 24
3.66 18
3.665 17
3.67 21
3.675 16
3.68 14
3.685 25
3.69 22
3.695 19
3.7 17
3.705 21
3.71 24
3.715 26
3.72 23
3.725 21
3.73 20
3.735 25
3.74 30
3.745 17
3.75 17
3.755 14
3.76 13
3.765 22
3.77 28
3.775 16
3.78 23
3.785 16
3.79 22
3.795 20
3.8 16
3.805 23
3.81 19
3.815 17
3.82 19
3.825 20
3.83 19
3.835 18
3.84 13
3.845 20
3.85 21
3.855 16
3.86 15
3.865 17
3.87 16
3.875 17
3.88 18
3.885 18
3.89 20
3.895 18
3.9 16
3.905 14
3.91 15
3.915 11
3.92 18
3.925 22
3.93 14
3.935 15
3.94 24
3.945 24
3.95 19
3.955 25
3.96 20
3.965 14
3.97 15
3.975 19
3.98 20
3.985 21
3.99 21
3.995 19
4 23
4.005 16
4.01 19
4.015 19
4.02 22
4.025 15
4.03 17
4.035 21
4.04 16
4.045 17
4.05 16
4.055 17
4.06 17
4.065 12
4.07 17
4.075 17
4.08 23
4.085 10
4.09 17
4.095 18
4.1 9
4.105 14
4.11 11
4.115 19
4.12 22
4.125 16
4.13 17
4.135 19
4.14 9
4.145 19
4.15 20
4.155 19
4.16 17
4.165 15
4.17 21
4.175 14
4.18 23
4.185 13
4.19 16
4.195 17
4.2 25
4.205 18
4.21 24
4.215 20
4.22 28
4.225 18
4.23 19
4.235 10
4.24 11
4.245 17
4.25 12
4.255 15
4.26 18
4.265 23
4.27 14
4.275 19
4.28 19
4.285 18
4.29 18
4.295 19
4.3 20
4.305 19
4.31 14
4.315 17
4.32 14
4.325 17
4.33 12
4.335 26
4.34 12
4.345 18
4.35 14
4.355 16
4.36 14
4.365 14
4.37 17
4.375 19
4.38 13
4.385 15
4.39 22
4.395 10
4.4 14
4.405 21
4.41 12
4.415 13
4.42 14
4.425 21
4.43 16
4.435 8
4.44 16
4.445 7
4.45 22
4.455 10
4.46 15
4.465 14
4.47 11
4.475 12
4.48 17
4.485 13
4.49 15
4.495 16
4.5 6
4.505 17
4.51 14
4.515 12
4.52 16
4.525 17
4.53 13
4.535 13
4.54 14
4.545 6
4.55 10
4.555 17
4.56 15
4.565 17
4.57 11
4.575 17
4.58 16
4.585 16
4.59 18
4.595 10
4.6 9
4.605 15
4.61 14
4.615 18
4.62 11
4.625 12
4.63 16
4.635 12
4.64 9
4.645 12
4.65 12
4.655 12
4.66 11
4.665 12
4.67 14
4.675 13
4.68 13
4.685 7
4.69 12
4.695 12
4.7 22
4.705 11
4.71 23
4.715 27
4.72 18
4.725 9
4.73 10
4.735 10
4.74 12
4.745 12
4.75 6
4.755 19
4.76 12
4.765 10
4.77 10
4.775 12
4.78 15
4.785 16
4.79 14
4.795 17
4.8 11
4.805 7
4.81 11
4.815 16
4.82 14
4.825 17
4.83 13
4.835 11
4.84 12
4.845 7
4.85 7
4.855 20
4.86 7
4.865 10
4.87 14
4.875 7
4.88 10
4.885 17
4.89 24
4.895 13
4.9 8
4.905 15
4.91 16
4.915 12
4.92 10
4.925 10
4.93 16
4.935 8
4.94 16
4.945 12
4.95 17
4.955 15
4.96 12
4.965 15
4.97 5
4.975 8
4.98 10
4.985 12
4.99 14
4.995 13
5 15
5.005 11
5.01 12
5.015 14
5.02 10
5.025 11
5.03 7
5.035 9
5.04 10
5.045 12
5.05 15
5.055 10
5.06 7
5.065 5
5.07 13
5.075 10
5.08 8
5.085 20
5.09 15
5.095 12
5.1 14
5.105 8
5.11 10
5.115 9
5.12 8
5.125 7
5.13 9
5.135 8
5.14 15
5.145 16
5.15 14
5.155 19
5.16 9
5.165 8
5.17 10
5.175 8
5.18 13
5.185 10
5.19 4
5.195 11
5.2 11
5.205 11
5.21 10
5.215 10
5.22 19
5.225 10
5.23 3
5.235 14
5.24 7
5.245 18
5.25 10
5.255 9
5.26 9
5.265 11
5.27 8
5.275 7
5.28 7
5.285 9
5.29 15
5.295 13
5.3 9
5.305 6
5.31 13
5.315 8
5.32 10
5.325 14
5.33 15
5.335 15
5.34 19
5.345 12
5.35 12
5.355 8
5.36 9
5.365 11
5.37 12
5.375 7
5.38 10
5.385 8
5.39 2
5.395 11
5.4 4
5.405 15
5.41 8
5.415 6
5.42 10
5.425 5
5.43 11
5.435 9
5.44 6
5.445 7
5.45 9
5.455 6
5.46 9
5.465 13
5.47 10
5.475 8
5.48 7
5.485 16
5.49 8
5.495 9
5.5 9
5.505 15
5.51 11
5.515 9
5.52 7
5.525 10
5.53 6
5.535 13
5.54 8
5.545 6
5.55 11
5.555 5
5.56 7
5.565 12
5.57 5
5.575 7
5.58 15
5.585 13
5.59 6
5.595 11
5.6 10
5.605 10
5.61 5
5.615 10
5.62 16
5.625 9
5.63 13
5.635 7
5.64 12
5.645 5
5.65 8
5.655 10
5.66 8
5.665 5
5.67 16
5.675 11
5.68 8
5.685 11
5.69 13
5.695 9
5.7 10
5.705 5
5.71 2
5.715 10
5.72 5
5.725 12
5.73 9
5.735 14
5.74 7
5.745 15
5.75 8
5.755 5
5.76 3
5.765 3
5.77 5
5.775 6
5.78 9
5.785 5
5.79 9
5.795 12
5.8 9
5.805 12
5.81 5
5.815 7
5.82 7
5.825 7
5.83 8
5.835 5
5.84 12
5.845 12
5.85 12
5.855 8
5.86 7
5.865 8
5.87 3
5.875 7
5.88 9
5.885 13
5.89 6
5.895 7
5.9 6
5.905 8
5.91 8
5.915 10
5.92 5
5.925 8
5.93 7
5.935 6
5.94 7
5.945 10
5.95 8
5.955 8
5.96 5
5.965 6
5.97 11
5.975 5
5.98 12
5.985 5
5.99 3
5.995 10
6 8
6.005 3
6.01 7
6.015 4
6.02 5
6.025 3
6.03 5
6.035 6
6.04 11
6.045 8
6.05 12
6.055 5
6.06 6
6.065 4
6.07 9
6.075 4
6.08 8
6.085 7
6.09 12
6.095 5
6.1 7
6.105 5
6.11 11
6.115 4
6.12 9
6.125 8
6.13 10
6.135 7
6.14 8
6.145 8
6.15 10
6.155 8
6.16 5
6.165 12
6.17 4
6.175 10
6.18 5
6.185 12
6.19 5
6.195 6
6.2 7
6.205 2
6.21 4
6.215 6
6.22 8
6.225 10
6.23 9
6.235 9
6.24 6
6.245 7
6.25 8
6.255 6
6.26 3
6.265 10
6.27 4
6.275 10
6.28 11
6.285 8
6.29 7
6.295 8
6.3 10
6.305 7
6.31 7
6.315 8
6.32 5
6.325 9
6.33 8
6.335 7
6.34 6
6.345 8
6.35 6
6.355 5
6.36 6
6.365 8
6.37 9
6.375 4
6.38 4
6.385 4
6.39 7
6.395 5
6.4 5
6.405 6
6.41 8
6.415 4
6.42 9
6.425 3
6.43 4
6.435 10
6.44 7
6.445 6
6.45 4
6.455 9
6.46 11
6.465 7
6.47 11
6.475 6
6.48 5
6.485 4
6.49 4
6.495 6
6.5 7
6.505 3
6.51 2
6.515 5
6.52 7
6.525 10
6.53 6
6.535 2
6.54 6
6.545 10
6.55 3
6.555 3
6.56 5
6.565 4
6.57 5
6.575 5
6.58 1
6.585 3
6.59 5
6.595 7
6.6 8
6.605 1
6.61 7
6.615 7
6.62 3
6.625 9
6.63 7
6.635 5
6.64 5
6.645 6
6.65 8
6.655 6
6.66 1
6.665 4
6.67 6
6.675 3
6.68 6
6.685 6
6.69 2
6.695 7
6.7 3
6.705 3
6.71 5
6.715 7
6.72 6
6.725 7
6.73 6
6.735 6
6.74 7
6.745 5
6.75 6
6.755 8
6.76 3
6.765 4
6.77 8
6.775 3
6.78 5
6.785 3
6.79 6
6.795 5
6.8 3
6.805 3
6.81 2
6.815 5
6.82 5
6.825 6
6.83 9
6.835 5
6.84 4
6.845 4
6.85 5
6.855 4
6.86 4
6.865 7
6.87 5
6.875 3
6.88 2
6.885 5
6.89 2
6.895 4
6.9 9
6.905 3
6.91 3
6.915 5
6.92 6
6.925 6
6.93 3
6.935 3
6.94 4
6.945 4
6.95 4
6.955 4
6.96 4
6.965 9
6.97 3
6.975 4
6.98 4
6.985 3
6.99 8
6.995 9
7 2
7.005 4
7.01 4
7.015 3
7.02 6
7.025 3
7.03 3
7.035 4
7.04 5
7.045 6
7.05 1
7.055 10
7.06 4
7.065 2
7.07 4
7.075 4
7.08 3
7.085 5
7.09 5
7.095 7
7.1 5
7.105 7
7.11 5
7.115 5
7.12 3
7.125 4
7.13 4
7.135 5
7.14 4
7.145 7
7.15 6
7.16 4
7.165 4
7.17 3
7.175 7
7.18 2
7.185 1
7.19 4
7.195 3
7.2 6
7.205 7
7.21 3
7.215 3
7.22 4
7.225 5
7.23 2
7.235 6
7.24 3
7.245 4
7.25 8
7.255 1
7.26 5
7.27 3
7.275 5
7.28 1
7.285 7
7.29 4
7.295 6
7.3 1
7.305 3
7.31 8
7.315 2
7.32 7
7.325 3
7.33 2
7.335 3
7.34 3
7.345 2
7.355 2
7.36 2
7.365 1
7.37 1
7.375 3
7.38 3
7.385 5
7.39 4
7.395 8
7.4 3
7.41 6
7.415 4
7.42 5
7.425 2
7.43 4
7.435 5
7.44 8
7.445 2
7.45 2
7.455 4
7.46 6
7.465 5
7.47 1
7.475 5
7.48 4
7.485 4
7.49 2
7.495 3
7.5 5
7.505 6
7.51 2
7.515 7
7.52 2
7.525 3
7.535 4
7.54 1
7.545 2
7.55 3
7.555 4
7.56 5
7.565 3
7.57 9
7.575 3
7.58 7
7.585 1
7.59 4
7.595 6
7.6 2
7.605 3
7.61 6
7.615 4
7.62 3
7.625 4
7.63 3
7.635 3
7.64 4
7.645 4
7.65 3
7.655 7
7.66 2
7.665 5
7.67 6
7.675 5
7.68 2
7.685 1
7.69 1
7.695 3
7.7 2
7.705 7
7.71 2
7.715 3
7.72 3
7.725 4
7.73 7
7.735 4
7.74 5
7.75 8
7.755 4
7.76 5
7.765 5
7.77 3
7.775 3
7.78 6
7.785 5
7.79 2
7.795 2
7.8 6
7.805 5
7.81 3
7.82 2
7.825 1
7.83 1
7.835 5
7.84 5
7.845 3
7.85 3
7.855 3
7.86 4
7.865 2
7.87 3
7.875 4
7.88 3
7.885 4
7.89 1
7.895 7
7.9 2
7.905 6
7.91 6
7.915 4
7.92 4
7.925 2
7.93 2
7.935 4
7.94 3
7.945 3
7.95 4
7.955 2
7.96 6
7.965 2
7.97 3
7.975 3
7.98 3
7.985 4
7.99 3
7.995 1
8 2
8.005 2
8.01 6
8.015 2
8.02 3
8.025 5
8.03 1
8.035 5
8.04 2
8.045 2
8.05 2
8.055 3
8.06 4
8.075 6
8.08 3
8.09 3
8.095 3
8.1 3
8.105 2
8.115 4
8.12 3
8.125 7
8.13 1
8.135 4
8.14 4
8.145 2
8.15 4
8.155 4
8.16 5
8.165 2
8.17 2
8.175 3
8.18 5
8.185 4
8.19 3
8.195 2
8.2 2
8.205 4
8.21 2
8.215 4
8.225 3
8.23 3
8.235 2
8.24 1
8.245 1
8.25 5
8.26 3
8.265 2
8.27 2
8.275 2
8.28 2
8.285 3
8.29 7
8.295 5
8.3 1
8.305 3
8.31 3
8.315 2
8.32 3
8.325 5
8.33 1
8.335 2
8.34 3
8.345 3
8.35 2
8.355 4
8.36 2
8.365 1
8.37 4
8.375 2
8.38 7
8.385 1
8.39 2
8.395 3
8.4 1
8.405 1
8.41 4
8.415 5
8.42 4
8.43 3
8.44 5
8.445 2
8.45 2
8.455 4
8.46 7
8.465 2
8.47 4
8.475 5
8.48 4
8.485 4
8.495 2
8.5 3
8.505 2
8.51 1
8.515 2
8.52 1
8.525 2
8.53 1
8.535 2
8.54 2
8.545 4
8.55 1
8.555 1
8.56 4
8.565 2
8.57 2
8.575 3
8.58 5
8.59 3
8.595 1
8.6 4
8.605 2
8.61 1
8.615 3
8.62 2
8.63 1
8.635 1
8.64 3
8.645 2
8.65 2
8.655 1
8.66 1
8.67 3
8.675 5
8.68 5
8.685 2
8.69 5
8.695 1
8.7 5
8.705 5
8.71 1
8.715 5
8.72 2
8.725 3
8.73 4
8.735 3
8.74 1
8.745 2
8.75 1
8.755 1
8.76 2
8.765 2
8.77 3
8.775 2
8.78 3
8.785 3
8.79 2
8.795 1
8.805 3
8.81 3
8.815 3
8.82 2
8.825 3
8.83 1
8.835 3
8.84 1
8.845 3
8.855 1
8.86 1
8.865 2
8.87 3
8.875 3
8.88 3
8.885 1
8.89 2
8.895 1
8.9 1
8.915 2
8.92 1
8.925 4
8.93 2
8.935 1
8.94 3
8.945 3
8.95 3
8.96 2
8.965 4
8.97 1
8.975 1
8.98 4
8.985 3
8.99 4
8.995 1
9 1
9.005 4
9.01 1
9.015 1
9.02 2
9.025 1
9.03 1
9.035 2
9.04 3
9.05 2
9.055 4
9.065 3
9.08 2
9.09 4
9.105 3
9.11 1
9.115 2
9.12 1
9.125 2
9.13 2
9.135 2
9.14 1
9.145 1
9.15 3
9.155 2
9.16 3
9.165 2
9.17 1
9.18 2
9.185 1
9.19 2
9.195 3
9.2 2
9.205 2
9.21 2
9.215 1
9.22 3
9.225 1
9.23 3
9.235 3
9.24 2
9.245 2
9.25 2
9.255 3
9.26 4
9.27 1
9.28 1
9.285 2
9.29 2
9.295 2
9.3 4
9.305 2
9.31 1
9.315 1
9.32 5
9.325 2
9.33 1
9.335 2
9.34 2
9.345 2
9.35 2
9.355 3
9.36 2
9.365 1
9.375 1
9.38 3
9.385 1
9.39 1
9.4 2
9.405 1
9.41 2
9.415 2
9.42 1
9.435 1
9.44 2
9.45 2
9.455 2
9.46 1
9.465 1
9.47 1
9.475 2
9.48 2
9.49 1
9.495 3
9.505 3
9.51 2
9.515 3
9.525 1
9.53 1
9.545 3
9.55 2
9.555 2
9.56 2
9.565 1
9.57 1
9.575 1
9.58 1
9.585 3
9.59 4
9.6 2
9.605 4
9.61 1
9.615 4
9.625 1
9.63 2
9.635 2
9.645 1
9.65 1
9.655 4
9.66 1
9.665 2
9.67 2
9.675 2
9.68 1
9.685 2
9.69 4
9.705 3
9.72 5
9.725 3
9.73 1
9.735 1
9.74 5
9.75 6
9.755 3
9.765 1
9.775 1
9.78 1
9.79 1
9.795 1
9.805 1
9.81 3
9.825 3
9.83 4
9.835 1
9.84 1
9.845 4
9.85 2
9.855 3
9.86 2
9.865 3
9.87 3
9.88 1
9.885 3
9.89 1
9.895 1
9.905 3
9.91 1
9.915 4
9.925 2
9.93 2
9.935 1
9.95 2
9.955 2
9.96 1
9.97 2
9.975 1
9.98 1
9.985 3
9.99 4
9.995 2
