4.34996
2.33314
11.9487
4.69984
1.67177
31.7921
9.93994
1.33349
1.69855
1.67695
1.65889
2.02407
1.34894
2.98424
2.68239
2.35926
20.5108
3.98194
8.93375
2.31815
6.96184
14.8876
6.29928
4.97658
10.2606
42.0147
12.2467
2.31645
2.31703
17.8653
1.99737
1.3335
5.62491
18.5289
36.3927
1.32924
6.63038
14.2245
41.3541
39.7064
40.3649
34.4171
1.65581
1.98543
33.079
2.32528
2.32191
4.63151
6.29016
1.3269
3.30783
25.8032
2.9803
16.5445
30.4332
11.9111
1.32351
3.31147
38.0437
12.9002
42.3425
4.29997
25.1389
17.2009
28.7837
42.6744
1.32282
23.8156
2.31643
27.4548
24.8143
2.98136
1.32257
1.32317
23.8155
19.1892
3.97251
3.64228
42.0072
3.64279
1.65943
1.98437
1.32292
15.5494
1.32348
34.7468
2.31597
37.3954
25.8016
43.009
3.97835
1.66109
5.62382
4.63207
29.4414
21.1731
39.0348
10.591
33.4081
15.2165
36.7191
7.94195
2.97762
16.8734
11.582
13.2311
35.3927
7.27731
14.2231
23.1574
1.32308
12.2417
1.32538
3.64289
1.65373
34.0708
16.2154
9.59257
26.4654
2.64708
4.30707
35.0664
1.99204
2.31633
4.63781
33.4139
41.3491
5.62971
3.97537
2.98581
21.8326
3.31208
34.0716
14.2247
11.9102
6.61773
17.2005
1.33134
1.65389
29.1084
13.8947
9.92298
1.32338
13.8935
12.239
13.8956
3.30778
4.30044
35.3947
26.796
1.98511
1.32282
41.6776
4.30001
34.07
2.31752
9.2639
4.30586
29.1096
3.97335
2.97742
1.98558
6.28512
35.725
20.1776
9.92556
26.7933
1.32323
5.29276
43.0018
1.32755
6.28573
6.28859
1.3281
4.30332
5.29559
25.1429
1.3254
5.29534
1.32517
5.29399
14.5548
2.64665
4.3007
2.3165
7.27814
20.1772
1.98424
2.97701
1.32292
1.65417
6.28924
1.3246
9.59371
3.3093
16.5395
5.62398
39.032
1.98433
12.5713
15.5467
6.28545
1.32288
26.1311
3.64064
1.98862
39.3648
2.3208
31.0971
2.64641
40.355
24.8079
2.31752
10.9155
32.751
1.32274
6.95019
2.31534
2.97755
12.241
1.32328
43.0027
37.3772
1.65968
7.60766
1.98653
6.61583
1.65432
8.27711
2.97716
2.97687
1.98541
31.0984
2.3162
1.65454
18.8675
17.5407
18.5254
43.0112
12.5712
24.1474
1.65419
3.97553
33.4099
34.0708
1.6547
2.64911
8.60585
43.0055
9.92769
3.96989
4.63538
33.7477
3.31139
21.506
4.63123
40.3538
18.8605
35.3999
13.8926
2.64602
3.31326
1.33144
2.32247
2.3256
18.8546
1.33324
12.2387
6.28545
38.7054
6.94599
1.66173
3.9732
1.32725
4.63138
25.4711
17.8666
14.5554
27.4544
1.6548
22.8235
2.31642
17.2063
1.98981
4.30103
4.96716
38.0457
3.64752
1.32403
1.32644
1.32302
1.32358
33.0785
20.8388
6.94657
5.29303
34.076
2.65234
3.63914
29.109
14.2243
17.2014
1.65392
9.27185
29.7702
27.7897
7.93926
11.918
2.3233
3.96965
17.8664
1.32371
19.5152
13.2331
3.64119
1.98523
36.0593
1.65612
4.96197
1.99259
32.4186
6.61704
31.0934
1.32287
1.3227
6.61879
18.5257
2.97679
12.2385
1.989
25.4695
38.3715
2.64626
1.6577
1.98435
26.7927
2.64635
17.5318
1.32295
1.32264
1.32255
29.1163
9.59267
11.2465
6.28472
8.60203
5.29448
1.32269
9.92531
40.3541
39.3622
34.7311
2.9773
41.3476
2.97664
37.0476
43.0085
1.32593
3.64319
1.98837
30.4346
3.96917
4.96217
1.32338
15.8809
16.2078
1.32297
33.4084
3.96922
32.4155
2.6531
1.66597
11.9089
3.97317
1.65359
14.5539
2.6465
1.65386
31.093
2.98185
23.1544
24.1466
1.32887
1.3227
25.4742
3.31109
32.4176
3.30833
23.8157
6.61598
11.2467
1.32293
29.115
2.64937
27.127
36.7163
1.98774
40.6893
3.3075
1.32287
1.32285
34.4003
20.8414
20.8449
20.8424
3.64158
1.32272
1.65774
2.97919
2.64636
2.97811
43.0003
34.737
1.32723
24.4792
37.7089
1.99113
34.4055
1.98794
2.98218
1.98748
23.1546
25.1418
14.5545
27.4602
8.26919
43.0004
9.92326
2.31949
42.6692
1.65574
17.862
40.6852
7.60805
27.7922
2.64593
1.99019
1.98447
13.232
37.047
2.98255
10.2603
24.8085
10.5903
1.65389
20.5205
22.4934
13.5617
11.9089
6.28464
1.32298
18.5231
39.3635
6.61527
4.30025
40.3591
1.65354
1.65846
1.32262
2.65073
42.9997
37.7117
6.61536
26.7944
4.30227
17.2039
2.31556
2.65053
4.63275
2.31521
40.3543
1.32277
1.32293
31.4256
1.99001
1.3227
3.63819
7.93817
1.98422
17.5332
36.0581
2.64595
8.26925
3.64269
27.4583
27.793
10.5851
38.3754
1.32317
2.98293
9.59242
21.176
1.98835
2.32098
21.5032
3.30886
4.63599
1.65483
1.32265
25.4713
2.98093
5.62837
1.65761
18.8579
3.97669
12.2384
1.99184
24.4828
36.0545
7.27657
28.1174
8.27819
26.7979
1.3231
2.31544
2.97863
2.64746
3.97696
41.3464
2.97894
25.1412
42.6686
1.98433
5.9535
3.64067
7.60923
30.1046
35.0667
31.759
2.97653
1.3253
15.8771
34.3999
18.5233
4.30222
22.1615
36.7213
26.1318
21.1726
1.3226
1.65877
1.32302
5.2921
3.30737
6.61892
1.65667
37.7177
30.1096
27.7924
21.8366
1.98875
1.32502
1.32259
1.3228
23.8159
1.66167
11.912
39.0312
3.63854
2.98215
1.66267
37.7119
32.7521
3.31676
2.31518
33.4084
38.0446
1.32285
32.422
1.32272
1.66215
34.7361
2.65009
6.28429
26.7923
1.32982
7.28077
14.2232
1.33274
7.61601
5.2988
5.29256
2.65124
1.65348
8.93396
33.0804
19.5191
2.31544
1.32267
34.731
6.61866
1.32282
6.61864
1.66163
11.5861
1.3227
1.65902
3.64228
2.65022
4.96104
6.61983
3.30886
40.6849
36.0541
1.32255
43.0024
1.32576
27.7846
18.1947
42.0074
1.32293
2.65091
29.7692
10.587
40.3577
32.7466
1.32264
28.4464
36.7163
20.1774
4.29984
1.32287
2.31501
30.1074
2.31531
33.7482
3.64243
4.30619
18.8542
3.63827
7.94248
8.93057
1.98696
15.2158
2.64919
1.32295
1.9842
31.4237
1.65386
43.0006
20.1803
4.6354
13.5675
31.754
3.64961
39.6931
13.2383
3.3162
2.31531
12.9026
13.2343
15.8767
19.189
23.4849
1.65902
4.30614
4.30032
10.9154
4.63986
13.9019
2.65923
1.65417
2.98907
1.32381
30.4354
36.0624
5.95388
19.8465
3.97926
1.32886
1.32288
21.5062
21.1748
28.1208
16.5432
2.98175
1.32254
1.32267
15.8769
2.31491
1.32262
6.28444
1.32267
30.4427
19.5214
4.96152
2.98152
5.29882
1.98437
8.60721
1.65386
38.3692
2.64579
1.99132
25.4727
43.0007
1.32292
3.63849
2.65435
43.0045
1.32275
5.62312
35.0665
3.97691
13.8927
4.63143
16.8696
2.65287
1.3228
4.63741
3.31484
1.32297
2.31537
1.32674
8.93085
2.98119
1.65346
1.65359
2.31951
33.4148
3.97899
36.7245
22.501
1.32308
1.3227
9.26729
5.96002
7.28492
4.96627
1.65708
1.32255
2.98367
2.32067
35.0621
1.32264
2.97692
38.3741
33.7448
1.32264
3.31218
12.91
36.7157
1.32285
3.97259
9.59836
24.8077
1.3226
20.8395
1.32283
5.95615
38.0391
1.98869
1.32292
34.7348
25.8007
32.0851
3.31367
43.0005
11.577
2.64628
2.31529
3.31178
1.98491
22.8235
40.3545
1.32282
9.59303
34.7338
6.29155
1.32285
5.29205
1.32978
1.32269
6.61895
1.32692
3.96907
38.3721
1.32257
43.0054
35.7235
1.32257
4.30252
2.6506
43.0035
23.8156
1.32924
9.59947
18.5231
40.6891
2.31536
3.31271
31.0928
18.1959
3.31339
1.32269
4.63469
3.31089
15.2214
25.139
2.318
32.089
5.95415
15.2211
22.8264
1.32249
6.61996
1.65361
1.6617
1.65745
1.32262
20.5128
1.98448
4.6305
3.64393
1.32269
25.4692
12.5698
1.32283
39.0314
1.32255
21.8344
32.7463
4.6304
40.6876
2.31781
38.0451
4.96817
10.9233
1.99353
1.32292
42.6727
29.7757
42.6758
2.32181
29.4393
6.29291
3.30737
4.63072
1.32287
3.64056
1.32249
33.4118
37.7129
1.32255
3.63827
21.8305
2.97704
1.32862
1.65829
2.98051
5.95375
25.8006
1.99019
40.3542
4.96202
11.5772
25.1473
15.2159
27.7935
11.9135
42.339
3.97558
1.65809
3.63917
2.31532
1.32255
1.32308
1.32308
17.5398
1.3227
24.8114
1.32277
1.32264
2.97692
3.9737
2.64987
1.32272
1.66021
24.146
5.29197
2.98319
1.65647
31.4262
2.64602
1.32642
18.8605
3.97295
3.64349
1.3226
10.9191
2.98151
34.0692
38.3725
1.32279
1.32262
1.32274
3.30735
6.61631
1.9873
20.8385
2.65108
4.29959
1.3227
1.32274
30.1046
11.9111
28.7803
1.32262
2.31506
4.63048
7.94146
37.379
11.2492
1.3228
2.97863
3.30841
1.32262
1.32762
1.3226
3.31028
1.32667
22.8264
1.32589
3.63806
40.3595
15.5509
7.9429
7.27726
37.047
2.31835
3.97201
1.32293
7.60754
10.2541
1.32687
2.65267
24.4779
1.32292
9.59292
25.1419
1.32264
23.1544
10.2539
27.7847
1.32255
2.32057
31.4292
2.97745
5.95633
9.92293
29.4387
1.32262
7.2769
1.65945
4.63412
3.30763
4.63455
1.32313
7.93856
2.97663
2.64774
1.32265
1.98743
16.8694
19.8495
1.32292
41.0217
22.8232
1.65444
25.4694
7.93841
1.32272
1.32255
43.0044
2.31501
1.32254
1.32264
1.65346
29.7717
4.30237
32.7457
2.97906
1.3225
40.6848
19.8481
3.97084
18.1929
4.96564
1.98417
4.30075
2.31665
1.32259
6.61733
3.63801
6.6153
6.94908
1.32356
1.98693
1.98453
14.8882
4.9619
39.0335
14.2232
38.7005
4.30034
39.0417
2.32434
1.32326
39.3701
2.64974
6.94978
36.7202
2.32004
3.30775
3.64387
7.94452
37.0462
26.1402
1.33393
5.95964
15.2157
1.65397
42.0133
4.30236
2.97947
1.32264
3.30763
1.32322
3.64415
4.63639
2.31527
1.65411
3.31083
15.2164
2.31559
1.32302
1.65359
2.65427
38.0472
30.436
5.29228
1.32785
13.8938
7.93936
19.8467
24.1547
1.3228
11.5854
2.65641
36.7171
33.4146
1.65631
35.3932
1.99219
6.95216
1.98893
11.5779
1.65708
2.657
2.98118
33.079
4.96374
22.1724
21.8337
1.66185
27.7853
1.32312
1.65553
14.5608
4.30077
4.63186
34.7418
33.0803
1.65725
43.0075
31.7558
2.31597
1.99017
11.9182
31.1001
6.63072
37.7089
29.4388
1.32335
38.3712
31.4237
1.32383
1.99184
1.32371
15.5464
1.98951
17.863
19.1898
3.31592
1.99026
36.389
17.2033
28.4562
3.97926
4.9619
4.96589
17.8641
6.61598
11.2506
2.98397
5.29241
32.7549
2.64969
1.65778
4.29971
2.31514
9.92811
18.8544
10.2596
1.98989
2.98197
9.59517
1.98493
2.98159
10.2577
4.30014
3.3214
2.64613
20.5153
1.32575
1.32275
3.31503
1.65826
33.0837
29.4384
1.33056
3.97636
34.0792
3.3159
31.0926
2.00139
27.4553
3.31761
2.31704
2.98407
1.6543
21.5011
2.64681
38.3777
7.28083
4.29999
21.8319
19.5208
14.2233
34.4002
37.049
1.99127
1.99123
9.92412
29.4524
2.65194
26.7932
36.3914
2.31622
6.95031
2.98663
3.30833
2.98179
1.65862
6.9536
37.3818
3.97524
2.64674
25.8008
3.97441
3.64435
5.29766
4.64097
1.98921
7.283
15.8813
2.98093
1.65836
36.3871
5.29925
1.32391
1.98587
5.29728
43.0004
6.94629
5.954
1.65412
4.96721
1.98462
20.5145
3.30887
2.31638
2.98553
3.31723
30.7625
8.27051
5.29349
41.3474
3.63963
15.5527
3.64681
6.94624
3.64362
2.98758
1.65861
1.32915
37.0475
5.62469
4.63138
29.1108
1.32618
25.8015
34.4019
22.1661
1.98442
42.3394
9.59292
3.96974
2.64992
41.0209
17.5343
1.32283
6.28864
1.98723
6.29043
30.7625
9.59277
1.65407
12.9049
15.8775
37.714
2.97997
5.29279
38.7061
36.3851
19.8493
1.65621
1.65407
33.7412
5.29223
7.93836
8.27228
35.7259
1.32275
1.32497
37.7078
6.28732
3.97041
2.64668
26.4628
33.7441
12.901
2.31627
33.7471
1.9851
3.30763
8.60618
1.32676
3.63824
5.30173
5.29958
4.96205
1.65968
2.98056
38.375
2.64598
9.92497
1.3229
4.63563
1.99049
27.7907
1.32545
28.1159
43.0027
27.4572
4.96649
5.95401
5.29845
8.26887
21.8309
1.32297
1.32279
2.6506
32.0892
33.0777
1.3268
1.65818
3.63864
2.65475
6.94624
17.8646
2.31552
4.30022
9.2656
1.98687
38.0388
1.32267
1.32315
2.64842
10.592
3.6421
18.1933
33.4078
7.28059
5.62754
40.0238
40.0264
8.93492
1.32264
1.3229
1.32295
24.4833
35.3995
21.1752
42.0129
35.0666
1.32924
2.97691
12.5753
1.32269
19.8511
3.30765
1.33216
1.32277
16.2083
1.32424
2.31908
1.32328
41.3464
26.4642
21.174
10.5894
4.30024
4.63093
15.5542
4.96144
32.4166
2.31594
23.4856
1.32467
1.98602
4.6305
1.32758
23.1549
2.31592
1.6545
3.30791
37.7109
1.3228
5.95411
1.98807
2.3168
31.4237
18.5253
3.31041
10.9153
3.64147
1.6551
2.31923
1.32292
1.65804
35.0646
15.2172
1.32285
43.0028
41.678
43.0025
2.64656
34.3999
1.32275
1.32604
4.96478
43
1.98447
1.32285
6.28451
1.32264
1.65579
4.63397
1.32255
1.32259
35.0676
39.3665
2.64969
11.9123
34.4004
1.99161
2.32245
3.64334
4.63141
8.27258
1.32641
10.2603
12.241
5.29675
13.2307
1.32457
32.4163
1.32275
8.93114
1.32677
4.30394
1.32894
30.4368
8.27711
1.33076
40.3553
3.6398
1.66349
2.31582
2.31648
4.64033
28.1162
5.6234
5.95467
23.4894
6.29031
14.2297
42.3429
3.96915
1.32606
1.32298
41.346
4.63045
3.64445
23.4887
43.001
23.157
1.32287
1.32843
34.7313
3.97325
1.32274
39.6988
1.32293
1.32649
7.28246
1.32262
1.98696
4.63174
3.63871
33.7393
1.65371
7.60797
7.94222
10.9192
20.1823
5.95924
7.9408
1.32308
1.32288
1.65622
1.32279
4.9647
43.005
11.2462
2.65103
1.32295
23.4915
2.31582
1.98791
1.65386
1.98746
3.97519
2.31752
5.29223
3.64261
11.9122
1.65439
1.32292
4.63389
13.5668
1.32848
38.7004
1.32288
2.9796
36.3922
1.32269
2.98233
21.1768
1.9845
27.1239
34.4062
30.7622
24.4853
4.96151
1.98485
1.32255
32.4199
30.4311
1.98837
3.30776
1.32283
3.63814
9.2682
38.7002
1.32791
13.8974
4.63052
7.60805
13.5695
1.32303
29.7767
42.6822
2.65437
2.32988
4.63126
2.98167
26.8032
2.97739
28.4557
21.5054
29.1107
29.4388
28.4545
5.95385
28.782
2.98635
22.1679
33.7397
1.32307
9.92808
1.99209
7.94634
37.0477
35.3965
1.3231
18.2011
38.7049
3.31278
5.29265
2.31592
16.2175
5.62322
1.32987
16.873
5.95846
2.64658
6.61566
22.1626
1.32297
24.1466
38.3779
24.1537
3.63837
1.65402
36.0552
30.4319
37.0527
1.98945
24.809
9.92672
7.94477
4.3097
3.64812
33.0862
42.6699
2.65023
1.98506
21.831
15.8829
1.99198
17.5394
16.5457
6.62187
1.32366
24.8083
3.30811
27.1255
16.2079
39.3705
1.32288
1.98437
2.31604
38.0393
9.26535
18.5235
2.64602
1.9845
2.97656
3.31273
1.32257
1.98862
1.65368
41.6773
42.0161
4.30444
2.97735
3.63844
2.97684
4.30626
4.96384
8.2745
2.31566
43.0032
7.61465
34.4059
1.32403
9.92412
25.4789
7.60795
32.0904
18.5284
1.32343
27.1271
10.9175
19.1894
1.98521
35.0691
3.64233
17.5348
30.7647
1.32351
21.5006
39.3638
2.64686
1.65717
5.30025
13.2314
2.97916
1.32709
9.92687
15.8772
2.31536
14.8886
14.885
2.98162
2.97997
30.4316
5.29458
6.94912
2.31549
1.32282
1.6544
2.98033
4.96718
3.30818
1.65684
19.8509
1.32368
5.2988
28.7787
3.64856
39.0428
3.64426
36.055
8.27458
22.493
35.3989
6.94659
1.32302
15.5478
5.29349
36.7199
19.8463
4.30075
32.4162
2.31554
3.63933
38.0392
19.185
8.93095
14.5592
1.32318
33.0828
1.3227
1.65468
1.98936
1.32333
4.96202
1.32275
26.4699
21.8313
1.32743
4.96141
1.65389
5.96093
42.3452
2.64676
1.98437
9.59578
1.98414
1.32259
26.1382
1.32259
12.9052
1.98465
36.0603
14.2274
5.29251
12.5692
2.98075
1.33028
2.64661
43.0001
28.4468
1.66398
4.96855
25.8012
30.7665
12.9049
3.31478
2.9828
1.32283
4.96771
32.752
8.9365
1.65348
1.67106
20.5113
1.32262
1.32272
1.99003
1.98419
18.1925
5.62939
29.1079
28.1157
6.28894
43.0006
4.63091
29.4481
31.7581
18.1926
28.7846
1.66152
1.98984
28.1212
5.95378
3.96928
1.32722
8.60033
1.98472
39.6971
6.28471
1.99092
23.1547
40.3543
6.94654
12.9004
1.32292
28.1157
15.8816
2.31575
35.3978
1.99361
1.6598
3.9715
42.6698
2.64651
10.5849
2.32211
2.32196
1.66299
3.00199
7.93841
2.64598
1.66271
15.88
2.31567
3.312
4.96147
3.97424
6.62455
24.1494
3.97343
12.2389
3.3076
13.2356
1.99153
7.93969
2.31979
3.63874
2.97691
26.4638
32.416
1.98481
41.0196
32.4164
38.3723
1.32265
40.3565
2.64643
26.1318
4.96261
2.97785
1.66127
36.0591
1.32343
4.30078
33.7395
20.5076
40.6852
17.8646
36.0562
25.1388
29.4392
28.779
3.63826
5.95401
4.30065
3.30729
30.4328
1.65387
1.32283
1.32264
2.31661
1.32272
5.95373
1.98604
4.96166
1.32616
2.98063
1.65988
16.8694
1.98419
1.3225
3.31888
7.61541
2.64645
42.9999
42.0139
5.29675
1.98478
9.59227
2.65205
9.59244
26.8023
2.31564
3.31309
23.1598
22.1706
1.32338
37.0511
3.31527
33.7383
4.96549
40.0235
42.6754
3.97438
10.5909
1.9845
3.30834
3.64949
2.64605
40.0295
1.98946
23.1624
1.32285
1.66074
1.32307
43.0002
14.2327
6.28993
31.4325
37.0511
38.7088
13.2382
5.62314
41.0155
39.7007
1.32264
23.1596
5.29749
1.32277
29.7697
12.9001
2.6506
1.66125
32.7507
7.60832
6.94635
3.30795
1.985
11.9082
1.65862
29.7696
2.97653
2.65268
8.93815
1.65406
1.33087
5.96457
43.0007
22.824
1.99545
21.8339
20.8418
42.3499
1.33594
2.31529
3.97922
2.32355
43.0036
6.2915
24.1462
34.0762
1.65379
6.61563
1.99615
15.2217
5.62291
3.65511
12.9008
9.92468
31.0933
1.32659
10.5944
30.1101
1.32331
2.31574
2.31541
1.32735
24.1466
35.0716
15.5551
9.92409
32.0852
25.1389
40.355
14.5596
30.1008
1.32313
1.6552
3.31968
38.701
2.31564
1.98432
4.30887
29.7709
3.31508
6.62173
1.32798
43.0009
8.60512
4.6305
2.98528
28.4502
3.63862
32.7478
40.6868
3.31511
21.1752
2.32221
39.3623
2.64597
4.63722
37.7089
7.94644
7.28366
3.96925
3.64679
7.2829
5.62354
31.4287
6.29031
33.4084
2.31514
2.98063
27.4619
4.63707
3.30889
2.98199
2.65073
1.66669
39.6935
3.65523
2.65521
2.64663
25.4771
29.4465
1.66294
1.98463
1.32293
12.5698
1.3232
2.32555
43.0017
5.63209
24.1472
5.62653
5.29291
2.64686
11.2541
1.99438
1.33111
4.96175
1.32419
34.7317
17.2143
1.32285
33.0884
2.65702
36.0545
43.0015
7.608
6.94672
27.4665
36.7163
1.66236
10.265
30.1005
1.65387
38.045
32.0891
7.61707
1.3235
2.64638
4.96534
16.2175
6.94647
5.96652
4.30021
18.5383
6.61684
3.97773
14.885
5.29549
6.95347
7.28439
34.7327
2.31572
1.98536
19.1918
28.7893
6.29033
31.0969
18.8598
20.5083
2.97671
2.64635
43.0076
1.32323
14.5541
3.97426
26.1316
28.7838
4.63118
3.31104
1.65402
3.64301
1.65735
17.2
29.774
23.1581
6.29119
1.98984
5.29506
14.5568
3.63837
11.9107
31.4265
38.7019
5.29179
24.4809
3.30785
4.63492
2.316
2.97871
3.97661
2.98787
1.32293
32.4153
3.3074
3.31061
3.97165
9.92293
2.98225
1.98452
33.7442
6.29002
3.63842
3.6416
8.26969
1.65371
2.64641
1.65351
1.32302
2.64641
2.31534
11.9122
6.28639
17.2003
31.0972
31.0926
14.8946
1.98602
17.5337
38.7007
8.60006
3.30788
2.98541
1.32315
7.9449
3.31241
8.93085
9.59232
1.32288
17.8614
6.94609
29.7729
13.2315
14.8846
2.6461
5.95684
1.32272
6.61546
1.32275
1.32308
12.2419
33.0821
1.65865
43.0053
16.2082
4.631
24.8096
4.30378
9.92288
1.32292
3.96887
1.98422
3.97833
17.8619
17.2016
1.65839
39.6928
3.63827
26.1311
1.98427
27.4541
3.64479
1.32283
1.65364
5.29225
24.8087
23.4875
2.31872
6.94624
3.63819
34.0736
2.97648
1.32282
1.32305
1.32279
37.0466
35.0649
22.1614
2.6488
1.98652
6.28426
1.32262
3.30724
3.31661
1.32793
1.98435
10.9164
5.29447
22.4923
3.30742
31.4235
22.1619
1.323
35.723
1.65669
6.28423
3.96933
4.63055
3.64046
8.27357
24.8101
1.65354
22.8234
3.97138
38.0395
4.3034
43.0004
27.7881
1.98493
16.2081
1.65356
3.97314
3.97142
1.32773
1.32265
1.32733
3.64304
39.6951
1.32573
38.0433
1.32659
34.4001
18.8553
3.3099
2.31824
4.63394
37.3772
11.5791
2.31994
5.95549
8.93054
3.63806
20.5079
23.1597
22.829
4.96194
3.64678
3.30786
1.65922
20.1775
2.3184
2.6501
2.97668
2.98046
6.94642
2.646
7.28155
1.98579
2.31493
7.93823
7.60767
1.32591
1.3229
31.4243
1.32368
2.31503
1.32275
1.65516
3.64036
1.32264
10.2561
5.62278
18.8562
5.95362
2.64815
31.7608
1.32283
1.32298
25.4719
41.6797
25.4693
1.32255
23.4887
1.98422
3.63809
38.041
29.4424
29.1102
1.65583
29.1128
1.9843
2.98038
35.7236
36.3845
4.96485
1.32642
18.1952
1.3231
20.508
1.32264
1.65401
11.9142
1.65464
1.98481
7.27675
25.4722
1.98481
32.4184
1.98453
2.97821
1.98463
5.95742
2.9773
1.32783
42.6701
18.1931
43.0007
15.55
1.32697
30.4314
9.59441
5.2925
12.573
27.7876
1.32317
37.3838
36.058
28.1206
6.61656
1.65634
41.3484
42.6692
1.3226
23.1537
1.9849
1.65541
1.65753
2.97909
3.64039
3.97059
6.28466
5.62451
1.32333
1.98941
7.27759
1.3258
1.98433
4.96141
3.31001
2.64562
1.65602
22.494
1.65578
10.5847
43.0005
1.32287
37.7084
2.97684
1.9892
4.63477
1.3229
9.92769
3.30753
2.97679
2.64588
38.7039
28.7791
1.32293
1.9843
1.32293
6.28618
16.2076
5.29542
1.65842
39.693
1.6573
2.97717
43.0049
4.30088
40.6869
2.97673
1.98984
21.8309
29.1105
18.5255
2.64592
1.32929
8.59978
14.2232
31.0982
13.5648
3.31177
1.98485
5.95823
2.31729
4.30006
5.292
1.32279
2.64737
10.5906
3.3074
1.32249
13.8963
2.64585
40.6893
12.5692
2.65113
3.64418
31.7546
1.32274
37.0532
1.98969
1.99224
2.97992
2.65196
25.1422
7.27691
2.97719
33.0771
7.60741
3.64086
24.8079
28.7804
2.31518
5.29202
3.63871
15.8776
29.1122
7.9404
1.32257
2.97859
15.2152
22.4954
5.95395
1.32484
1.32293
2.31557
1.98465
14.554
1.98445
11.5797
2.97745
8.5999
24.152
5.29236
41.6851
7.94255
25.4714
33.7401
2.64617
2.97811
1.98708
28.78
22.8252
21.8319
1.32257
1.32262
5.29303
16.5404
32.746
1.32348
3.63804
1.32285
1.65374
8.93072
1.32285
1.98432
4.29999
26.7946
1.32282
4.63068
1.32265
6.28484
39.0348
1.32366
20.8386
13.8963
29.7734
29.1108
1.32267
2.64982
3.31159
32.0846
41.3469
37.3794
17.2018
33.7384
26.7923
1.98614
38.0402
2.31551
6.28499
5.95721
5.9538
1.32295
1.32297
43.0005
1.32313
21.5005
3.63961
3.30927
4.29978
2.65157
15.8808
29.444
1.98735
20.1813
4.30239
1.65437
1.32303
10.9155
2.31721
1.65373
1.65425
41.6776
4.96172
4.30034
1.32336
14.5537
32.7464
1.32264
20.5102
43.0046
37.7131
6.94624
16.539
3.96935
1.65361
1.98472
8.59998
1.32269
1.65392
1.32292
41.0185
1.98635
43.0037
41.3517
11.577
2.317
1.3227
1.98771
19.1886
1.32689
1.32676
9.92311
1.9843
1.32264
1.32656
20.1773
20.1776
15.5529
3.6439
1.32254
14.8847
5.29427
2.6502
2.97859
11.5771
20.5102
5.62302
20.8385
1.32255
1.32333
5.62317
1.98473
1.3228
32.7463
43.0033
4.30014
1.98453
2.97894
27.4539
2.64889
12.9031
7.60822
5.29546
41.0161
2.64612
1.65346
38.0386
26.1354
2.31804
21.5062
2.65174
29.774
3.30763
43.0046
3.64145
1.32456
25.141
2.31554
5.29197
21.1732
6.28466
2.64602
43.0033
2.31941
3.97214
1.32262
2.31696
3.31041
1.98433
2.32022
21.4999
1.32255
6.28671
3.97024
4.30143
1.32568
1.32255
31.4232
15.5501
6.94773
2.64977
20.5076
34.0697
3.64127
21.831
1.32269
15.219
1.32259
6.94956
23.8158
1.32259
1.3225
3.64388
4.96157
9.92303
18.5269
6.28758
1.32275
1.65368
33.4119
20.5148
16.8738
8.26884
6.94622
5.62332
4.30631
13.2356
1.32264
4.30282
22.8228
4.30001
2.64751
3.30732
1.98672
32.7496
3.97108
1.32292
2.64646
5.62332
21.5002
2.31676
2.64585
1.32269
41.6799
1.3231
5.95593
1.3232
1.32262
6.94597
31.4263
2.31777
5.29562
8.26896
1.32447
4.3036
5.29179
7.2813
1.32303
43.0012
9.26222
20.51
1.32257
2.31483
24.4807
22.8263
11.5794
1.32262
30.7615
1.32244
4.96156
1.32245
1.32247
43.0011
1.98572
1.3228
1.98695
3.97037
4.63177
1.98677
39.3627
16.5384
7.60911
1.32265
7.27799
35.3921
4.29974
5.62709
1.65733
3.97186
1.32313
10.9153
1.32259
2.31728
5.29207
37.3795
3.30767
18.5241
4.63287
18.523
2.31491
1.98424
1.98561
7.60896
1.65344
1.32508
41.0184
2.64579
1.32279
12.5718
1.32629
1.32451
2.31718
8.93353
1.65402
8.60603
2.3188
1.65604
41.6783
1.65773
23.4869
2.65146
3.96895
2.31827
3.97233
1.3229
1.32279
2.98093
5.29222
1.32384
1.3229
1.32785
1.32264
18.1922
26.7959
22.8234
13.8922
41.0159
29.108
2.646
1.3227
6.28424
1.3227
1.32305
1.32255
12.8998
29.1117
10.2555
36.0584
1.32262
5.62923
16.2131
2.3158
1.32546
32.4153
18.8546
4.30087
3.96903
16.8692
2.64617
3.97201
3.97285
1.32267
13.8963
14.8845
3.3119
27.454
1.32272
1.32265
2.64595
19.8465
30.4337
18.1938
20.1806
4.9652
21.1729
1.65354
43.0037
4.63401
6.94875
2.31501
1.32245
2.31827
14.5536
1.32259
1.6568
3.97138
2.64722
18.1935
1.65568
2.97988
33.0769
1.32292
2.31733
4.96172
1.32272
1.32317
2.64597
1.98524
6.9471
29.7726
5.62443
1.32447
38.3718
23.1575
1.98799
1.32254
1.98594
1.32265
41.6769
30.1019
2.31698
1.98622
3.97118
7.93851
2.97649
2.64772
25.8018
3.96933
14.8875
2.97644
16.5427
1.32277
1.32249
1.65783
34.7334
3.31307
16.5452
12.8999
21.1748
14.5537
2.65189
2.31974
21.5063
21.1692
37.3781
3.31092
2.65133
1.98453
1.99017
2.98286
7.27729
25.81
7.28298
1.32733
1.99186
23.1598
1.32705
4.29981
1.32267
4.63045
1.32264
1.65336
1.65339
31.0956
1.98644
1.3226
1.9873
1.32275
1.32269
3.97074
1.32264
1.98847
1.32254
1.32609
1.32264
1.65693
4.29968
1.98427
1.3226
5.95884
17.5358
1.32259
22.1636
20.1795
2.98142
32.0895
1.32288
20.8384
2.31817
1.9869
2.64734
1.32264
25.8005
1.32287
4.63038
1.3233
1.32262
1.32255
4.63419
5.29326
37.7118
33.0791
5.29198
1.32279
2.64588
1.32264
1.32297
1.32424
1.32272
1.32798
19.1869
8.93054
2.31498
42.341
3.3073
2.97931
1.32252
1.98584
4.63293
2.97861
40.6847
1.32293
1.32283
6.28437
1.32275
10.2562
2.6459
5.29207
1.98865
28.7772
35.3927
4.30308
3.64163
4.96136
43.0003
42.338
4.96136
35.0634
7.2785
1.65492
10.5873
11.9121
22.4954
4.30007
1.32259
1.3226
32.7501
1.65566
39.694
4.30464
1.32262
2.31795
14.223
31.0966
1.32257
29.441
38.7026
5.29198
5.29518
31.423
1.98842
43.0001
1.6555
13.564
1.9893
39.0313
24.4825
38.7031
10.2587
5.62584
36.0547
1.65384
27.4541
2.6482
36.3884
1.32249
2.64626
25.1387
1.32287
1.32257
29.7709
14.8849
8.93251
1.32288
8.27218
39.693
42.3387
24.1482
1.65381
4.96184
1.32287
2.64952
1.65556
26.1338
28.4465
19.846
1.98566
30.7636
1.98711
3.97089
4.29963
4.6303
1.32274
17.5331
1.3228
35.395
13.5613
5.29218
5.29198
5.62284
38.703
1.65597
1.32589
1.65402
25.8003
1.98599
41.6808
1.32259
1.98764
23.8181
10.9155
14.8848
20.1805
2.9851
2.32105
27.1274
36.7158
2.31513
1.32265
27.4586
5.9584
8.60412
1.98998
1.98452
2.31501
1.32343
16.8738
1.98872
17.534
1.32312
1.32272
1.3227
1.98415
13.2308
33.4077
1.32277
36.7151
1.65336
4.63434
1.32259
1.9842
2.31643
40.6869
12.9034
1.65654
2.97681
2.64587
2.98129
2.98066
9.92285
39.3644
2.97926
33.4085
2.97668
4.63043
15.8815
9.59555
12.5698
1.65533
2.64805
1.98584
29.7751
5.62537
6.61561
1.32262
1.32293
5.95376
1.65796
41.0159
4.29974
2.31731
2.64775
12.5693
3.64033
25.1387
6.61588
4.30145
4.63378
34.4012
34.4037
1.65382
3.30748
32.7503
4.63315
1.32302
1.65382
1.32517
6.28813
26.4619
42.3385
1.3235
1.65379
10.9184
33.4099
6.61722
2.31819
1.65511
38.3704
4.6348
12.2385
34.0725
30.4329
1.32254
1.32267
42.0082
34.0722
4.96291
1.32275
1.32259
23.8155
1.32257
3.97072
2.31494
1.32262
3.30896
6.61786
2.3158
31.0939
1.32252
1.32245
1.3225
1.3225
1.32264
2.97864
43.003
21.5
3.9712
5.29303
30.4309
1.32255
9.92812
7.60775
1.32254
1.65685
6.94764
1.32274
28.7783
7.93843
2.97711
1.65497
34.0691
3.96993
1.65576
39.0306
1.9843
26.4619
13.2318
21.835
7.9381
1.65571
21.1716
17.8614
1.3227
1.32265
2.6462
5.9558
1.32288
19.5192
28.7772
2.6464
2.31542
16.2081
4.30007
2.97659
1.3227
31.7573
2.9804
16.2077
30.7642
4.96404
1.98614
36.0568
4.63151
24.1484
2.64628
2.64607
2.31529
1.32257
1.32537
1.32293
1.65376
1.98462
37.0514
10.2607
2.64628
1.66137
1.98468
27.4556
43.0007
39.0331
1.3226
1.9861
3.30902
29.1106
24.1509
1.32264
2.64749
19.8512
12.9045
1.32336
1.65399
5.62909
14.5541
2.31719
4.63391
8.27392
3.96903
28.7777
1.32269
1.32704
23.1607
3.30748
35.0641
3.30753
2.65305
1.32275
3.96907
37.7086
1.32454
1.32525
32.7472
1.65401
4.96371
29.7693
1.32318
34.4034
3.9714
1.32272
42.339
5.96018
11.9086
23.4863
1.32341
1.32277
1.32274
41.6783
1.65387
1.32272
4.96141
1.32307
2.31751
4.3004
40.6849
1.3226
1.32283
1.3226
1.3226
2.97689
1.65533
42.6692
2.64636
5.62501
26.4649
4.9621
4.63315
28.7814
3.64233
1.98447
27.1234
3.64301
2.6501
10.5906
4.63465
15.2209
17.8711
2.31855
38.7098
2.65325
4.631
2.3224
35.7235
2.65321
2.64636
18.8547
2.31582
7.94083
2.64587
3.97241
8.9341
39.3662
9.59221
18.5229
1.32599
40.6862
2.31499
1.98693
1.3227
30.7657
3.96888
3.63996
3.3078
1.32257
8.93059
2.6457
1.65766
3.97193
1.32245
37.051
1.65341
1.32257
1.3226
3.63818
1.32275
41.3503
4.96255
1.6551
1.65344
17.8616
1.65718
1.32264
21.1691
1.32275
5.29215
1.98435
1.32259
1.3226
32.7463
1.98412
30.1003
2.31526
1.65348
2.97792
27.4538
3.97148
10.2554
1.32459
1.32255
29.7695
1.32269
42.0094
1.98506
1.32396
5.62501
1.98587
22.1633
1.32295
1.32274
37.7107
1.32259
3.97117
1.65349
1.32287
3.63804
2.97888
27.1233
1.32262
1.32282
3.64097
1.32619
1.32297
3.64173
4.63038
3.30854
26.7949
41.0158
42.3414
2.31941
37.0476
1.65377
25.8014
2.31518
28.7777
11.911
2.31542
34.7334
2.64987
2.31511
1.65622
7.60749
19.8464
10.5846
40.355
35.3951
6.94594
38.3705
2.64574
8.27152
4.96931
3.3096
32.4165
1.3228
1.32293
1.32295
17.2014
2.31675
42.9996
1.32328
17.2009
5.62433
16.5383
4.96291
16.2096
4.96141
1.32272
3.96915
1.9865
1.65545
7.27663
4.29984
1.32249
1.98424
1.32254
5.29369
3.96915
2.6457
17.532
3.30985
13.5618
21.5008
1.32262
8.60162
5.95363
25.8002
1.32409
1.32277
18.854
27.1237
4.63263
6.61578
38.7011
24.4775
1.32585
29.774
12.8999
1.65578
1.32283
1.32274
1.32282
26.462
1.32282
8.93036
39.6927
5.29455
3.30907
38.7013
16.2092
2.31491
1.65482
6.28563
10.2576
1.98427
16.8705
23.8171
32.0851
21.173
27.7892
1.98637
14.2272
4.63253
1.32267
3.30733
6.2859
5.29205
33.081
5.29488
1.65963
1.32282
43.0054
23.8162
1.32298
3.97448
1.98999
2.65419
15.5499
38.7023
1.32269
13.5663
3.63864
6.947
2.64603
1.98916
11.2499
3.30737
1.32277
3.31395
1.98412
22.1629
43.0004
2.97969
2.31913
1.32257
35.7307
9.26849
1.65336
2.31501
8.26894
2.64575
1.32249
1.32259
1.65346
1.32495
3.64054
1.32262
3.31217
1.32254
37.3767
41.6766
1.65339
4.30636
1.32288
35.3967
5.6244
10.9153
1.65531
26.1317
16.8692
1.32302
2.97671
5.9539
1.65346
43.0049
1.65439
1.32288
2.97676
1.32264
40.3555
10.9177
1.32269
29.1115
1.32275
6.28456
1.65556
1.65624
6.28748
1.32267
1.32249
2.65043
34.0695
14.8866
8.2702
7.93825
14.8855
1.98424
3.30727
42.008
4.63022
2.64837
1.32292
20.1773
1.32297
25.1385
1.65571
40.6867
29.7698
6.28434
1.98412
4.30108
1.32264
41.6784
11.5789
39.6958
5.29294
1.65761
3.31092
1.32277
1.65402
2.97952
6.28734
1.32285
42.3396
30.7655
36.3853
1.32336
1.98998
28.777
19.8484
8.93123
33.0787
1.32279
39.0308
3.971
19.5175
1.32259
1.32254
19.5182
1.32429
1.32262
30.4305
1.9867
29.4389
10.5915
19.1852
2.97782
4.29978
1.65637
10.9158
18.8537
1.98898
2.31509
3.97327
6.28542
4.96485
1.32295
16.8718
2.31524
25.1387
3.96885
3.64026
32.0876
5.29274
43.0046
2.97826
2.64617
20.8431
1.323
2.31843
8.60206
34.0698
1.32447
11.5803
1.98582
2.97677
4.96434
6.94607
1.32265
24.4788
1.3229
1.6577
1.32257
31.4235
23.8183
27.4567
1.32277
1.32269
2.31534
1.32308
11.9131
19.8462
4.30257
2.31491
19.1892
6.94998
41.6801
3.30743
3.64072
1.32259
2.65157
28.4492
7.27688
36.7222
9.59485
2.97745
40.3546
37.047
12.9003
4.30452
12.5695
2.32085
2.9776
1.32312
20.5122
17.5371
24.4793
1.65632
1.3226
38.0404
8.27091
1.32254
1.32252
1.3225
43.001
10.5843
5.62468
7.9408
2.97659
1.32257
21.8325
4.30141
29.1076
1.32249
42.6694
23.4846
1.32257
1.65356
1.65346
27.4561
32.4155
41.0166
6.28669
40.6844
1.32264
5.62266
2.97813
36.3851
3.30768
3.6441
1.65356
16.8707
2.64899
1.65339
3.9693
5.62451
23.4844
20.509
10.9155
26.7923
42.3404
1.99065
1.32465
29.7717
7.61275
1.32265
6.6152
18.1921
21.1694
2.31506
11.2474
10.9169
2.64742
1.32257
18.5265
30.1026
1.98789
11.5769
29.7693
2.31681
1.32285
27.785
26.4657
25.8001
29.7693
2.64714
33.0768
43.007
1.32485
9.59199
1.32265
1.32255
12.2383
31.4229
6.94955
1.98433
38.0388
4.30217
1.32262
2.31494
3.30743
2.64949
15.2154
30.767
23.4892
12.5692
3.30915
1.32265
2.97911
2.9829
6.28724
42.6729
41.6771
2.98041
2.65118
12.9035
18.1986
22.4979
11.2467
2.31865
1.32245
30.7655
1.32254
8.2704
1.32282
6.94925
1.3232
1.3268
4.96106
5.9561
21.8326
1.32262
2.64587
26.7931
5.62506
29.4413
8.26911
6.28538
31.0965
1.9888
2.64631
33.739
1.32369
5.62304
36.0542
37.052
1.65516
17.5339
1.98414
1.32282
24.1511
7.60974
4.29961
1.98835
1.32267
5.62476
2.6463
13.2337
1.32451
12.2404
7.61068
3.96875
1.32293
1.32269
3.97297
1.32317
25.1384
1.32272
1.65606
30.4324
3.30748
4.30166
5.95335
23.8152
1.32267
21.1692
1.32257
2.31752
1.65354
2.31802
11.2506
3.97037
6.28423
1.32259
1.98483
1.32252
35.0629
1.65465
1.98743
1.3226
4.29969
10.2547
39.3627
43.0003
17.2022
17.863
6.94579
15.2156
27.1242
15.8769
18.8547
34.7306
4.63192
12.9014
1.32475
19.8465
10.5846
2.97937
6.94612
5.29241
5.63325
2.97702
31.0923
2.97719
4.9623
1.98602
5.62339
41.6771
1.32426
27.1251
5.62271
26.4636
1.32277
1.32267
6.28444
3.31289
28.7774
2.31703
1.32447
16.8706
1.32269
6.94625
14.5553
2.64906
2.31708
2.64976
1.98493
3.63889
35.3919
28.1155
3.3075
22.4924
36.3853
8.93056
3.30909
1.32259
40.6846
1.65558
4.30284
26.4638
1.32277
1.32274
37.0482
1.32274
1.98548
13.2338
3.30816
36.0541
1.32262
1.32247
1.32252
23.1545
1.32252
1.32244
1.32358
1.32254
35.3936
43.003
2.3168
1.32255
1.32254
1.65478
1.32264
28.7787
3.30917
22.4965
6.9485
3.30828
29.44
1.32252
35.3954
18.5228
1.65457
29.4394
5.29435
2.64818
1.32272
38.7039
1.98673
27.7853
2.31556
3.30765
1.65447
9.26158
39.6948
8.27116
5.6233
2.64971
2.64557
2.97957
34.737
35.3935
7.9427
1.32272
36.3902
14.89
3.63827
28.1159
10.9186
22.497
36.0564
25.1386
3.3074
19.1868
2.31963
1.32326
4.3028
32.7491
10.5867
28.1169
8.2697
1.32267
1.98739
2.97851
3.96923
2.98063
1.65437
16.542
11.9084
35.7238
6.28694
2.31499
1.32272
10.5872
1.98726
1.98811
1.65358
1.66036
32.4156
22.4939
4.63154
1.32599
33.0823
2.98237
9.92607
1.32427
1.98432
9.26436
5.62559
33.0778
43.0002
39.3648
3.63816
1.32293
7.27973
2.31981
8.27193
10.2589
26.4619
2.98164
4.964
9.60134
1.32884
1.65392
2.64797
2.97778
1.32386
3.9718
2.31718
1.98437
1.3229
15.5487
2.64754
8.93036
1.3226
2.31683
35.3928
1.32257
1.32275
8.60092
3.63852
15.2156
12.5734
2.64598
3.31016
2.97899
1.32272
1.32647
1.65806
1.32285
40.3567
3.64034
1.98433
2.64881
43.0008
39.6923
1.32267
4.63055
4.96109
1.32267
1.32262
1.32254
3.30859
2.31642
17.5306
19.5173
5.2947
8.93239
1.32274
1.3226
2.6457
8.26914
1.32285
1.32492
2.64574
12.5748
2.97902
1.65341
9.59197
10.5894
10.5843
1.32264
1.65334
19.5162
1.32255
5.95443
1.32255
2.31926
1.32269
1.98409
1.32277
1.32277
1.98536
1.32374
38.3699
1.32262
1.32378
1.32269
4.30012
2.97826
2.31602
1.32249
3.96887
1.98594
3.63902
9.92558
35.3928
1.6542
1.32252
2.97807
7.27786
1.32247
1.32262
42.9999
1.32265
3.63814
1.3225
42.6704
17.2036
2.31716
42.008
2.98017
5.29187
1.3227
2.31491
35.3946
1.32537
14.2284
1.65636
8.93228
2.31668
16.8715
1.65364
1.3227
2.31698
22.1615
1.32255
1.32537
7.27802
1.32259
5.62266
30.432
4.29961
3.97042
1.32259
9.92371
1.32255
32.7468
18.5234
1.3225
1.98521
6.61493
1.32274
1.32269
34.0724
6.28806
6.61644
9.26153
24.1489
1.32419
1.32249
1.65464
5.95524
26.1319
9.92346
32.4156
19.1847
1.32267
5.62332
18.5245
1.32412
3.63889
20.8392
35.0617
30.763
19.1858
1.98655
35.0625
1.32247
2.31709
4.29964
4.96222
4.29979
1.32257
1.32249
4.96096
5.62504
19.5175
1.32259
1.32259
1.3226
1.32363
26.4631
10.2534
2.64706
1.32255
1.32269
1.3226
41.3501
1.32274
17.2029
1.65354
3.97219
1.32264
9.92635
1.3226
1.32494
3.63813
4.29969
1.32282
1.32288
4.30386
3.97234
6.61928
1.3226
4.30265
22.8257
18.8565
1.32249
6.28626
1.32259
36.7181
6.28714
8.93466
4.96482
11.2459
3.96903
16.5402
22.4938
2.65091
32.0898
2.31509
1.3226
4.30107
9.2634
4.30217
40.3541
8.93233
9.59541
1.32275
1.98635
3.31375
1.32277
2.31519
2.97651
1.65473
2.64557
6.28576
2.64579
3.30727
4.96116
19.8463
1.3225
3.3094
2.31508
33.0768
1.32274
4.63397
1.32254
24.8096
9.26249
1.32515
5.62299
1.32269
1.98675
1.32267
3.64344
1.32269
2.97864
2.31514
1.32264
4.30168
2.97659
43.0004
3.30735
3.9689
2.97654
1.32255
29.7694
1.98859
1.65354
3.30775
2.64923
3.31081
18.8536
30.0997
1.98587
1.9863
1.32255
1.3225
12.2399
9.92458
1.3226
4.6305
4.30088
4.30097
16.5398
2.31807
1.32484
6.61725
2.64722
18.1945
2.97633
1.98407
1.3225
1.32254
1.98912
2.97982
12.2383
41.3457
11.9074
30.0999
35.0632
20.1787
1.32254
2.31496
1.3226
3.96915
1.3226
17.532
32.4179
1.32254
35.7238
1.32254
1.32252
1.32315
1.32283
2.97666
1.32264
18.5246
1.32265
13.8952
1.32269
1.3226
1.32255
3.30995
2.6457
11.2465
1.3225
1.32277
1.32277
43.003
9.26262
28.4462
2.64751
6.28742
3.64071
39.3614
13.8923
3.97193
6.28565
33.0783
1.32257
4.96101
1.32255
1.32257
1.32257
11.9076
14.5548
1.32259
1.32254
1.32262
16.8705
1.32249
3.63965
1.32269
1.65346
2.31652
41.6786
26.1328
1.98417
5.29327
1.32255
2.97802
2.97977
1.32257
1.98435
13.5617
3.9689
2.64598
21.8307
1.65341
3.63871
16.2086
39.3647
1.32259
1.98685
1.32515
37.7096
31.7541
7.93817
1.32596
9.2612
1.3227
22.1628
1.32275
3.30906
3.30823
7.60819
12.2412
1.32252
1.32249
3.63808
1.32285
2.64813
26.4637
41.3495
4.29969
31.0923
2.64567
41.6772
1.32247
3.3099
1.66089
7.27897
1.32312
1.32426
31.4254
2.64775
2.64934
36.0595
2.31688
2.97988
1.32265
1.32275
2.98017
41.6802
1.32532
1.3226
40.6848
2.64964
14.5539
3.97052
11.5767
15.2192
9.59321
2.97709
1.32255
1.32255
1.65717
12.9034
2.98027
6.61889
1.32255
1.98908
8.9312
1.9845
1.32288
22.1648
3.97317
1.65614
2.31567
3.30781
30.7623
12.905
39.6973
5.95342
2.97663
1.32267
1.32274
17.2057
1.32264
1.98409
2.64622
25.8012
12.5726
1.65368
19.5163
16.2164
1.32303
1.32723
4.63353
4.63078
29.1085
4.96123
24.8134
22.4962
3.30798
1.32275
33.0828
3.63953
39.6928
1.32285
5.29519
23.4878
4.96123
27.7875
4.30355
1.32249
19.5174
25.4721
29.1093
1.65354
1.32252
25.8015
1.32267
35.727
1.32474
4.63316
1.32292
27.1258
1.32474
6.94652
7.60767
1.32295
1.98432
2.646
42.9999
40.3536
41.3508
30.4309
1.32262
18.8539
10.2551
1.32288
18.8552
1.98415
4.96546
18.1953
1.98806
1.32824
11.5766
3.63925
40.0227
36.0543
1.3225
24.8102
7.93941
1.3225
1.3231
1.65546
2.64569
4.29964
5.29597
2.31974
7.2829
2.31794
1.32295
3.6391
39.0333
8.60107
1.3225
30.4326
14.8846
32.088
1.98481
3.64188
20.1798
6.61763
1.32267
8.60597
1.65371
1.98562
1.32287
1.98682
4.63492
32.7457
2.64916
3.63804
6.61803
3.3114
1.98405
8.26886
1.65368
32.7462
35.7258
1.65584
15.2165
2.31663
1.32247
1.65333
2.64716
1.32245
23.1538
40.3561
1.65437
2.98022
3.30934
5.29253
2.316
1.32254
6.28595
6.61646
16.8704
10.2547
1.32264
1.32254
1.65677
1.3226
14.8845
1.32249
2.31746
2.97778
1.32247
16.5404
1.32247
23.8168
35.061
28.777
29.4406
2.64564
1.32255
1.32252
2.31489
1.32254
27.1248
3.63927
1.32523
1.65353
7.60913
8.60334
1.32279
4.29973
13.8926
42.6697
1.32244
1.32257
1.65574
22.823
1.32293
36.0562
1.32249
1.98854
1.32274
22.8274
4.30409
2.31521
4.96437
14.2232
1.32252
3.30729
1.98617
1.32254
1.98415
1.32247
1.32245
25.1413
1.32262
1.3226
5.29428
17.8638
1.32249
4.30322
9.92478
1.32255
7.93954
1.3225
1.32264
1.3226
2.64569
3.31086
5.95643
3.63811
6.28639
11.5786
19.1882
5.62554
1.32264
3.96882
1.32659
2.31529
6.6153
1.98897
33.408
1.65535
2.65118
1.65728
1.65502
4.3037
1.65351
21.8354
1.98897
1.32257
3.9688
1.32849
35.7227
30.0996
15.2212
1.98792
31.0948
8.27283
2.65023
3.97489
31.4267
1.98731
3.64143
35.3928
7.93994
33.7407
38.371
17.2016
38.7
37.3807
1.32259
31.7583
1.98979
2.97995
1.65697
1.6555
5.95625
1.65344
1.3226
1.32255
41.0201
2.31675
25.1418
38.3731
1.3228
22.4961
7.94242
1.32651
5.29574
1.65932
23.4954
1.3226
14.2282
2.97654
1.3225
1.32262
31.4268
12.5724
1.32245
1.32262
2.64626
1.65894
13.2311
4.64069
1.32264
1.65674
8.5997
12.5727
2.98208
4.96116
1.3225
4.30288
1.98837
34.7344
1.32287
1.3226
4.29959
1.32264
1.3225
1.32244
1.32259
2.97927
1.32262
6.94874
2.6462
33.4133
1.32295
1.33023
22.1679
17.8734
22.1621
5.62316
28.787
33.0867
1.32259
8.26925
40.0236
36.0605
3.3074
1.98794
1.32328
1.98468
10.5908
1.65389
30.4338
2.98303
28.1155
7.27683
42.3386
5.96098
1.66014
1.32267
3.96907
12.569
16.2077
1.33125
1.32308
31.7559
1.32245
38.0434
7.60756
39.0311
1.32269
4.63392
8.93071
1.32505
2.31532
40.3534
22.8269
3.64196
11.577
36.0603
1.3225
3.63806
23.1541
36.3927
33.7453
43.0032
4.63396
18.8543
5.9584
20.1771
2.3192
1.32297
10.5885
41.6831
2.3182
2.98091
1.6573
6.94933
21.8347
1.32262
15.8819
37.0517
1.32272
20.5078
2.32216
1.66262
1.32419
35.0613
1.32287
20.8389
1.32264
29.7752
10.9177
4.63561
11.5771
1.65563
5.29539
1.3231
5.29238
2.31498
2.97919
1.32282
1.65859
1.32272
43.0003
2.31549
6.6172
28.448
15.2194
3.31063
5.29203
6.6197
11.5768
35.0638
2.31666
1.32259
33.0799
7.9382
3.64043
1.32581
1.32302
26.4656
2.3167
1.32255
1.98433
26.4647
1.32322
10.9156
1.32279
42.0074
2.98098
1.65384
25.1419
1.65334
1.32255
6.61656
2.31814
1.32252
1.32264
1.32252
12.2405
1.32265
34.4019
1.32249
2.64865
2.31721
5.29197
6.28431
10.5866
1.65712
15.5463
15.5459
4.63151
1.32381
8.60163
2.97816
35.0643
1.98634
1.32269
2.97692
2.31741
7.93817
1.65334
1.65619
21.8381
40.0258
34.0719
3.30896
41.0151
1.3226
1.32255
1.32252
2.97959
37.7078
24.4781
17.8615
2.97643
37.7096
43.003
1.32274
2.97947
2.31494
5.2939
8.93148
2.64861
2.64966
35.3929
19.8515
2.64731
1.32262
5.29423
31.0924
17.5321
42.3386
4.96346
3.30978
38.0425
6.94604
1.65338
2.97879
32.7505
7.27691
2.97868
2.64607
1.65354
5.95367
2.31551
41.0152
23.1567
1.65619
1.98726
20.8386
27.1252
1.65622
29.1111
6.6198
33.0771
4.96137
2.31989
38.7
1.98766
32.4153
2.97889
1.32265
1.32267
1.32265
2.97673
2.97661
2.64909
16.8725
1.65379
2.97676
7.60759
1.32262
1.32264
1.65331
16.5386
2.65182
1.98486
1.65586
37.7079
43.0036
2.32105
12.9053
20.8421
1.65571
1.65339
1.32707
17.1999
2.32068
3.31044
40.354
2.97677
1.9842
2.65017
5.95628
1.32661
28.1155
1.32262
1.98749
12.9058
41.6769
10.2572
2.64603
1.98736
1.32274
20.5079
1.98834
1.65363
7.28446
36.3849
1.65361
1.65407
41.3468
19.1884
43.0033
28.4482
40.6871
3.63824
2.97861
3.30967
2.64827
1.32604
1.32348
14.224
1.65834
30.4346
3.64264
7.6086
1.66112
7.61341
23.8217
1.66135
2.65556
2.64636
42.3499
36.3872
1.32292
26.1311
21.1704
35.7391
36.39
1.99171
2.31658
1.98799
1.33258
33.0851
12.5746
2.97725
2.3165
39.6976
37.0465
42.0077
16.2105
1.98802
29.4443
26.4621
8.27152
37.0499
34.7398
5.29248
5.29794
1.3229
16.2128
36.7176
23.8198
3.63864
3.3079
43.0032
36.3853
4.6307
23.8179
6.61874
25.8008
1.32818
7.61386
3.64625
32.4178
32.7475
2.98177
28.781
25.8037
21.5024
7.60795
2.97719
3.97008
11.9102
28.4522
26.1372
7.28012
6.28495
2.31561
1.32277
2.97692
24.4771
3.64206
17.8619
1.32292
1.6547
43.005
42.0092
4.30232
5.95348
41.3465
1.32267
1.32406
14.8862
28.7802
37.7112
36.3852
2.65066
22.8239
2.64931
25.4752
24.1461
21.169
1.32269
1.98786
1.32275
8.6034
28.1159
4.63207
40.3564
1.65488
6.28557
1.32264
1.65391
1.32257
17.5321
1.32267
1.65576
1.32275
4.29978
7.27663
33.081
1.32292
2.64588
6.28436
1.32255
38.039
1.32267
1.65604
1.65411
43.004
37.3775
2.31554
3.9692
1.65685
30.4311
1.98475
36.0578
1.98816
1.32293
1.32317
1.32313
41.6796
4.29971
26.1317
7.93883
2.31966
15.2178
7.27698
31.7541
3.64006
5.29182
37.0463
4.30255
1.32274
1.32419
3.30748
1.32274
35.394
1.32285
27.7866
1.32341
3.63808
27.1235
1.65384
3.30742
2.64777
2.6479
2.31551
1.3247
2.64775
1.3227
1.32272
3.63902
1.32254
1.98533
2.31534
1.32252
9.26272
2.31513
21.5019
22.8237
2.97881
4.30361
6.61945
4.29982
1.32341
41.3469
1.65457
25.4722
1.32346
34.7325
1.32275
1.98701
14.5536
3.63836
10.5843
3.97433
29.4457
26.7924
8.27352
6.62191
4.63159
8.26932
1.65364
2.31577
1.32305
12.5691
5.2961
4.96177
34.0721
2.65009
16.8698
1.32285
28.4507
18.1923
3.9695
2.98161
1.32285
5.62896
1.98607
1.98673
1.32262
31.4245
33.0772
35.3927
37.0502
2.31489
1.3226
23.4869
17.8638
5.29246
1.32487
3.63952
1.65636
2.97679
3.63988
1.65344
4.96592
1.6567
11.577
22.8229
40.026
24.808
20.1782
2.97714
6.61735
9.26143
6.28596
41.0157
1.32264
3.30867
1.32262
1.32285
6.28725
1.65811
6.94597
1.32264
31.754
1.32371
1.98536
10.5871
39.6926
1.98718
4.63174
4.29984
1.98587
28.4462
7.94065
12.5699
5.95587
1.32257
34.4052
1.65377
1.32262
21.1746
1.32265
1.32264
3.63821
12.903
31.0933
24.4821
18.5249
1.32482
1.65333
4.30227
8.60193
1.65515
1.32409
1.32467
26.4669
7.27683
2.31501
13.2317
17.2037
3.64181
1.98587
4.30535
13.2351
5.29461
43.0004
41.0156
1.32264
2.31923
2.31537
25.4717
35.0618
30.7649
1.32272
18.8561
7.94017
3.30958
19.1849
7.28178
2.6482
38.7006
40.6886
1.32351
42.6712
1.65361
1.32285
27.1262
1.32333
2.31835
4.96328
16.209
8.93051
17.2025
1.65333
38.7036
2.97848
3.97006
28.4486
26.7949
1.32272
43.003
35.7229
42.339
34.733
1.32719
1.66006
1.3228
1.32454
33.4111
2.97679
7.93823
1.32283
4.96121
2.97663
1.6569
2.64759
33.0771
32.7489
43.0035
2.31526
32.4153
1.32282
15.5493
1.98658
11.2482
1.32269
1.32274
4.29969
10.9183
3.63804
1.3225
38.3728
3.30826
39.035
3.64162
38.3691
3.63852
11.5767
4.96453
27.1264
1.32247
19.8494
1.65358
2.97633
3.31162
13.5639
1.65523
1.32641
1.98743
2.32151
3.3075
24.8102
20.8407
12.8998
3.6413
3.64097
2.31504
1.32259
12.573
1.32581
5.29417
1.65341
14.2274
1.98864
12.5762
27.4584
3.64317
41.6791
3.64236
1.32279
1.98453
1.32656
1.32282
2.64871
16.2093
9.26275
10.2542
43.0045
29.442
2.31614
1.32431
1.32269
4.96377
2.65078
32.4186
1.32318
3.96915
8.60307
1.65695
1.32274
3.30748
1.98465
1.32265
1.32275
21.8307
2.64613
6.29035
1.3225
1.32267
36.3848
5.9608
2.97653
4.96746
1.98945
32.4199
28.446
12.9039
1.65339
23.1553
40.0233
2.3191
1.32252
3.63793
15.8792
1.32275
5.95367
1.32257
6.61522
2.31614
2.31499
24.477
11.2493
1.65325
1.32558
25.4694
4.29979
2.97656
11.9103
1.32274
1.65354
3.30738
1.32285
6.61497
1.32255
1.32249
1.9886
33.0805
21.1694
2.64823
3.30748
1.32264
1.65343
10.2555
1.3226
1.65604
35.3965
3.97228
2.64878
3.31243
34.731
1.32611
2.65285
18.8537
34.0693
1.99016
1.32259
1.98437
7.28085
35.0683
13.5672
1.3228
1.65745
20.8444
1.32816
1.32843
41.6766
10.2584
35.7229
1.65363
3.64193
6.61902
1.32322
31.4237
2.64997
1.32267
1.32255
32.4228
2.31562
1.3227
4.30189
1.32267
1.32262
38.0406
13.2366
1.32283
2.31556
37.051
2.97891
3.30725
4.30274
1.65725
1.32257
41.3499
30.1068
3.97229
40.3543
6.61586
1.32323
31.7567
5.95851
1.65996
2.31534
14.8846
1.32267
39.0354
8.6059
1.3254
7.61163
35.7237
4.9647
1.32279
7.611
13.8966
2.31982
20.1775
2.98238
32.0854
1.32609
5.62613
37.3776
1.32358
13.5699
25.1388
34.7316
1.98617
2.31542
7.61043
1.32274
2.31797
7.28125
1.32303
4.96323
1.32667
41.3468
33.7393
29.4456
8.60228
34.405
9.59194
7.27736
1.98658
1.32255
22.8231
39.0343
1.98429
5.29218
32.7465
1.65796
1.32656
1.98878
12.2421
4.30136
1.32259
3.97229
2.31509
22.4948
1.65356
1.32259
9.26538
1.32257
11.2459
5.29521
2.31496
3.63857
30.4346
5.62627
5.29865
1.98442
1.98751
33.0771
12.569
2.6461
1.98748
5.95348
1.65813
13.2383
3.96908
1.32269
1.98513
4.9665
1.32298
2.64911
2.64603
29.1103
3.97178
10.921
1.32279
2.646
1.98829
1.32292
4.63442
1.32725
13.8954
42.3389
1.32636
1.9844
1.32298
6.95424
36.3908
2.32161
13.2369
6.61538
1.32267
32.7531
1.99133
1.32277
9.92376
2.98195
1.32269
1.3228
1.32282
35.7306
3.6439
4.96611
12.2444
1.32297
2.97709
1.99027
5.62314
2.32102
36.7206
23.4889
2.31898
1.32259
6.95019
2.31754
3.63818
4.30224
11.9077
1.65359
2.31511
3.64241
43.0051
31.4234
2.65043
1.3227
1.65933
1.9887
1.3226
30.1005
1.3233
29.7732
25.4693
1.32279
13.5664
9.27043
10.2589
17.862
17.5354
3.64253
2.97661
4.63654
3.97214
2.97659
1.65794
1.32275
5.29622
3.63826
4.96146
5.62314
32.7462
4.30308
16.8756
2.65526
1.3226
1.32265
31.0968
9.92822
41.3465
1.99105
32.0896
6.95097
3.63928
23.4873
1.32252
27.7908
3.30722
2.6459
1.32272
4.96415
1.98761
4.96402
6.61816
1.32245
1.9845
9.26365
2.31711
1.3246
8.93254
16.212
4.96351
1.98424
19.8493
1.32274
1.32593
2.64592
2.31736
40.6906
20.5124
2.64825
1.32292
30.1001
16.2109
1.32255
1.98414
30.7617
1.65334
5.96043
1.32591
1.32252
2.64595
1.32247
5.62504
1.32259
4.305
1.32249
1.32245
2.31896
13.8957
1.65768
2.64853
2.64863
2.97633
5.29334
1.32255
38.044
1.65573
5.95357
2.31509
2.31491
5.29185
18.523
9.59493
1.32277
1.32279
40.3586
4.96162
1.32262
6.28654
1.3226
1.32245
1.32257
1.32252
2.31498
1.32265
4.30394
1.32252
3.97188
16.5428
37.0461
2.64901
1.32255
1.32274
2.64577
3.30896
2.64706
32.4188
1.65667
5.62279
37.38
2.64777
17.8634
2.64567
2.31494
1.32305
26.1353
4.63517
1.65867
18.1922
1.6571
4.96323
21.4997
1.32255
1.32247
1.32262
1.32257
1.65425
1.32255
1.98738
1.32269
4.29956
2.97757
1.65449
3.63813
1.32254
4.63194
14.5554
5.95357
8.60266
3.64264
22.1615
4.30681
20.177
3.3076
5.95373
18.8536
2.64916
1.65571
38.3726
1.32269
28.4506
35.727
8.27117
1.65846
4.29961
2.31504
24.8108
2.31855
32.0898
1.32245
7.27964
12.5692
1.32262
13.5613
24.1476
3.64099
1.32242
3.3071
1.32255
2.97745
3.30856
1.32255
1.32244
2.97783
7.93886
34.7317
6.94791
1.65326
1.32247
1.32252
1.32252
1.32249
2.97777
1.98589
1.65374
21.8347
1.65427
40.0232
1.3225
1.32252
1.98678
12.2394
43
34.4015
1.32257
1.32264
1.32254
5.95362
1.32257
2.64593
37.3774
1.3225
2.97904
41.0164
1.32348
7.27802
1.98427
3.63846
16.5416
1.65669
1.32252
2.97916
2.31698
15.8767
2.64567
1.32255
30.7645
18.1956
3.63842
40.0279
12.5692
3.63811
6.28437
36.0549
1.32254
1.32409
6.94784
2.97936
1.32265
4.29989
35.3927
19.52
5.2922
1.32257
1.32551
4.30581
3.31006
22.4971
16.5426
1.98433
32.4176
42.6693
12.5694
1.32254
1.32254
7.2766
1.3225
14.2257
1.65626
1.65852
1.32255
13.5657
2.9785
4.63141
12.9026
1.98526
1.32245
4.30097
1.32537
1.32255
1.3228
35.3946
2.97634
1.32408
12.2399
1.32264
33.0794
1.3227
9.9242
8.60192
4.6305
1.32249
1.98683
5.29251
2.97639
32.4165
1.32259
16.5396
37.0463
1.32245
1.32247
6.6168
1.65424
1.32545
18.1921
39.6922
1.32252
3.30719
2.64607
1.32259
1.32272
25.8014
2.97854
1.32404
16.2075
20.1801
1.3226
4.63035
31.7559
2.31489
1.65573
7.93807
1.32272
15.2168
1.3225
1.98579
1.32525
1.65586
3.96917
13.8945
1.32589
1.3226
43.0003
1.32254
1.32255
20.5078
5.29486
4.63244
1.9861
21.8307
1.98443
2.97828
2.97699
2.65066
12.5725
1.32265
4.96733
1.32588
2.98018
3.64009
1.3231
3.3098
1.98445
1.32269
34.4004
1.98718
1.32267
1.32571
1.32275
1.32259
1.98445
1.3227
9.92268
1.98549
6.28871
16.5411
4.30017
17.2001
18.5246
35.7234
8.6024
25.8004
4.96554
43.0044
2.98258
3.96926
1.32513
12.5807
36.7172
8.6013
24.8096
2.65348
5.63113
1.6553
7.28049
19.5153
1.65339
1.32287
1.32672
42.3411
2.31704
4.96171
43.0042
29.4435
1.65344
1.32254
4.96162
1.3255
37.0461
1.32279
1.3226
5.29973
4.96447
43.0059
1.32275
1.32659
1.32269
5.95355
1.32297
2.97664
3.63816
1.98688
3.96933
6.28811
2.64956
1.66024
36.0577
1.98447
6.94889
11.9093
12.9
6.94794
37.708
2.64588
3.96918
2.31799
11.5773
1.65354
25.4695
1.32293
4.96124
1.32267
1.3226
5.29526
1.32262
40.0269
38.3706
1.9864
1.98604
3.31038
16.2097
1.32279
2.64871
34.7347
2.65194
4.3053
30.4409
16.2081
1.32589
1.32252
1.32262
1.3227
1.32255
1.32282
1.32257
4.30178
1.32282
1.32585
30.7699
17.2058
8.60539
43.0003
2.9805
3.97041
2.97699
1.65401
2.98108
8.60369
31.4231
2.31536
41.3529
13.563
2.31997
2.65247
1.98526
2.31698
15.2164
15.2157
38.3764
1.6617
1.65419
7.60789
29.1086
1.32346
2.31891
3.96925
43.0006
18.1963
37.3776
21.5005
3.31069
35.0625
3.64311
41.6822
14.8924
4.30088
1.32312
2.31529
35.4012
5.95605
6.62024
43.0059
2.64645
1.32348
38.3756
5.62436
10.261
5.9563
7.94354
1.65435
6.61571
1.32315
12.5724
3.30949
3.63971
34.0705
24.1471
14.8964
2.31556
3.31066
39.3664
2.31544
9.92394
32.7524
4.30002
19.8472
43.0008
29.7749
4.30461
1.98587
2.64588
3.31271
1.32351
18.8595
3.30793
4.9624
5.95398
23.8201
18.5293
26.7927
33.0846
36.3858
3.31339
24.8144
20.179
39.0315
1.9884
1.32333
2.98566
2.65131
15.8828
4.63535
14.8914
4.30039
31.0984
8.60064
3.64395
43.0005
1.65981
7.94639
1.98493
1.98515
2.64901
13.568
35.3971
15.884
1.32358
7.28383
2.31599
1.99017
1.66033
6.9468
34.0714
1.66496
34.4009
1.32857
11.9165
8.28001
1.65442
9.60215
3.64408
2.32087
6.29015
25.1385
4.96875
1.32303
3.31663
1.32287
3.97347
1.98829
1.32308
42.0081
4.96571
20.1808
10.259
2.31726
23.1604
23.158
32.7539
42.6712
24.813
22.4936
3.3104
15.2193
30.1031
33.0779
6.28475
3.64024
1.32272
1.32328
4.30444
27.785
8.26947
1.32323
2.97659
4.96501
31.1008
1.65631
17.5324
3.63907
21.5046
7.93853
1.65409
29.1112
3.30816
5.95406
2.6487
15.5541
8.27102
18.1968
2.31862
2.65005
1.98665
40.3542
2.64696
22.1645
9.59462
15.8778
3.30876
4.96655
30.766
5.29987
1.66271
4.63123
29.7698
1.98485
1.32657
32.0887
3.31734
1.98541
2.31566
35.0656
2.32197
31.1007
10.9221
30.4433
3.9776
1.32328
13.8992
1.32707
26.1369
1.32348
1.33594
2.65148
1.32384
5.95769
3.30776
3.64453
3.63818
1.32277
4.30254
24.1462
41.0153
31.0924
1.65346
23.1573
6.61551
25.8005
33.4091
2.65129
9.26254
4.63303
4.63119
1.32345
32.7482
2.31571
12.5711
2.65353
1.98486
2.32302
24.8123
1.98463
42.6761
9.9289
1.32366
42.339
8.93744
42.0092
6.2876
36.3851
5.62716
1.32616
2.31605
7.93987
43.0037
3.96948
3.31092
6.61558
34.4038
2.31612
2.64663
3.31865
1.65439
3.64579
38.3725
28.449
2.32176
26.7939
3.31566
12.579
2.98038
13.231
4.63741
6.61606
2.97725
1.32379
1.32973
14.2257
8.60532
2.31868
1.32434
34.074
1.99247
14.8848
2.33056
1.65477
2.97836
3.9694
1.98993
13.8982
4.30424
1.65454
3.31289
14.888
28.1168
34.4027
40.6857
1.65414
7.61631
37.0545
5.2938
6.94718
16.208
5.96333
23.8219
19.8524
1.32389
29.4403
17.5418
37.717
3.64617
1.32353
27.7928
1.98731
14.5564
30.1007
1.6544
19.8567
18.5287
27.1239
3.31448
1.323
12.5694
6.94961
2.97681
2.65554
1.99089
42.3433
11.9105
1.66099
25.8046
27.454
12.9024
6.95181
2.31559
13.8928
22.4989
5.29533
26.1373
1.66117
3.31617
5.6242
37.0484
3.97472
38.0497
1.99183
24.8083
8.27278
3.31389
15.5518
1.32388
12.5698
40.3584
22.8285
1.98478
24.8119
1.32305
8.26954
2.64646
7.6177
30.1008
8.2699
2.3246
1.66431
23.4883
32.7534
3.30901
3.63945
18.1925
36.0541
12.901
1.65371
17.2091
11.2467
12.244
7.2813
1.32297
1.32274
2.64696
1.98473
10.5848
12.9051
29.4387
43.005
17.2033
2.64881
7.27677
1.32808
4.30765
3.31489
5.29304
41.0167
15.5466
2.64613
8.2746
7.61285
7.2826
6.2848
21.1696
2.64633
42.0116
43.0062
2.32097
2.98551
6.61932
43.0004
1.98443
2.31934
36.7155
1.32371
3.64355
1.323
2.6463
33.0831
4.96204
13.8934
2.31585
1.32298
32.0861
27.7942
2.64752
1.32303
30.4362
15.2156
1.32846
2.31561
3.63846
1.66954
4.9626
16.5479
14.8925
32.4229
22.169
14.2272
3.3091
5.95459
29.7705
10.5894
1.65452
20.5108
1.32417
1.9866
15.5471
38.3701
2.97759
20.5085
31.7548
2.31986
8.9311
3.64428
1.32826
2.64873
4.30239
1.32336
9.92738
12.2393
6.29165
9.2743
1.98468
30.4316
3.97673
1.32275
1.32298
30.7621
1.65404
5.62833
1.65425
10.2542
28.7788
1.6575
8.60326
3.64046
29.7774
32.7544
1.32996
3.30747
4.30517
2.97704
34.0705
30.1034
1.32606
38.0453
37.053
1.98553
1.32302
39.694
8.93482
5.95479
7.60805
2.9862
1.98462
2.97704
1.32265
15.8834
16.2079
1.32714
37.3775
22.8239
2.64747
15.2242
30.4388
43.0129
30.4349
35.0624
3.31908
1.98468
43.0053
4.96222
1.32712
16.8774
1.32285
11.5831
13.8928
1.65389
9.92306
3.9733
33.4076
43.0069
2.3158
29.7691
41.3507
17.2027
1.32279
10.5893
23.4847
29.7712
12.5691
2.64952
1.32292
4.63695
35.3932
16.2082
2.64751
1.65361
10.2542
32.7465
2.65459
30.7624
27.46
3.63856
1.32356
2.64638
19.1847
3.31054
1.32287
31.4239
1.32279
1.99145
1.66124
10.9216
4.30717
34.0775
24.1502
1.3229
1.98799
14.8903
9.59262
1.65382
3.6388
2.65748
26.7923
10.9271
28.1211
19.1849
24.4836
8.6044
1.65373
21.8312
2.32004
3.30743
1.98607
15.216
4.30017
2.97714
2.6458
2.98685
4.63139
1.98533
1.32343
2.32535
1.98921
9.5976
3.96913
2.65174
1.65359
1.33423
9.92301
1.32298
2.64587
1.98976
18.1958
2.31698
1.32512
4.96151
1.32279
1.65373
18.5231
3.9719
3.30776
21.8307
1.32373
1.32307
1.65857
26.462
2.31508
2.31509
2.64813
7.93833
38.0388
18.5231
36.0583
2.31991
28.4495
3.63864
28.1208
2.64665
1.32282
8.60622
1.99388
29.4495
3.30781
26.4624
1.32363
1.65874
1.65356
32.4163
20.8395
24.81
1.32383
1.65406
35.0627
30.1078
1.65497
41.3472
1.32411
26.1326
3.30879
6.6309
37.7084
36.3858
3.30808
3.97421
12.5745
1.3233
28.7826
4.63075
6.62269
2.64622
3.97492
26.793
6.61611
13.2317
11.577
2.31968
2.31936
3.31294
43.0005
19.8573
1.32312
1.32312
1.9844
1.98438
2.32135
23.8173
31.4244
2.97722
1.98596
1.65435
3.64332
31.0987
3.97325
7.60742
14.5611
1.32308
1.32297
40.0242
3.64602
2.98109
3.97623
1.9931
1.98468
5.62403
25.8047
2.32426
12.5694
27.1229
7.94434
1.9849
7.27696
1.98437
1.99072
2.98213
4.3003
40.6856
26.4626
1.6544
1.9885
3.97469
35.7277
2.65149
40.3549
37.3814
30.7718
37.0464
1.32283
1.32264
1.32343
28.1169
2.98245
1.32666
3.31139
2.98017
1.32262
35.065
4.30275
2.31807
7.60771
2.98093
24.147
22.8293
4.30616
6.95294
1.32269
24.1548
2.64972
1.32283
3.31073
5.29253
19.8466
36.7168
1.32297
2.65253
4.96161
3.31638
32.4157
24.4824
6.62153
4.30113
18.8555
4.30083
1.99361
1.66956
1.98534
7.60827
2.65574
38.042
36.7184
43.0091
1.33728
3.65143
14.2251
10.9249
2.9778
5.95656
3.63927
1.98984
12.9011
21.1747
3.31552
1.66018
14.8914
4.30039
1.65366
1.65942
37.0532
37.0466
1.9885
4.96619
3.96994
11.9083
3.97059
17.2053
38.7013
25.1413
33.7389
9.59371
38.0439
1.33025
2.66473
38.0454
34.0738
29.7702
8.93109
1.65857
1.65411
11.9087
1.65387
1.32844
37.3771
1.32356
4.30388
16.8695
2.31574
1.32312
8.93119
3.30748
6.61566
3.63851
40.358
1.98821
1.32355
30.1006
1.3229
2.31666
10.5904
2.31582
30.4371
38.0441
2.32123
1.32355
35.0631
12.5697
27.1274
3.97677
1.98759
2.31529
15.5466
4.63603
2.32212
1.98516
17.2109
32.4164
2.6476
32.4161
1.66476
1.3271
1.65879
41.0209
42.9999
9.2617
35.0659
4.30009
3.6432
1.32409
2.98179
27.1298
1.98513
42.6705
1.32869
4.30843
10.916
2.32062
35.0618
16.539
4.63877
6.61563
37.7125
43.0052
1.98847
3.30803
24.4772
1.98827
8.93654
19.1874
1.65746
21.5009
34.0733
3.97239
25.8001
5.96076
2.31943
1.98483
26.7928
20.1803
35.0687
4.30581
1.32651
2.31501
1.32274
3.9708
20.8434
3.96981
1.65981
4.30042
1.99189
39.0394
32.4158
4.97074
4.96139
1.32709
2.985
3.30772
1.99227
26.4618
1.65707
14.8908
25.8061
42.6721
4.63335
2.97722
38.3776
40.6926
2.32515
2.31537
1.32298
4.9667
16.8729
7.61531
1.98422
1.32259
38.0451
21.831
25.1432
2.32619
25.1391
40.6859
20.5164
29.4486
9.59285
4.96187
2.31599
43.0056
2.31527
2.65004
3.30793
37.7159
38.7088
1.32328
12.9043
23.8215
3.3136
40.0267
31.093
6.95355
3.31261
40.3633
8.613
2.32416
30.1007
30.1013
1.32288
5.29896
27.4595
1.65629
1.32604
15.8772
3.64244
1.65343
2.64607
6.61522
1.98429
1.65647
3.64266
2.64937
1.32269
1.32307
25.4696
25.8002
28.7774
2.65156
14.8888
1.6594
2.31989
3.64208
2.31493
19.8465
1.3295
15.2151
1.32257
1.32707
17.8652
1.32288
11.2461
3.96908
3.63877
2.98242
2.97724
26.1308
2.65262
1.32275
1.65366
2.31918
11.5815
1.98524
23.816
1.3227
43
6.29078
1.65679
15.8771
43.0001
5.2961
18.5233
26.4667
26.7971
3.30919
11.908
2.64651
2.31635
13.5618
1.65965
37.7148
4.6309
2.65326
4.63095
15.2157
4.96826
42.0171
8.93855
31.4286
4.3058
1.323
23.4896
1.32326
19.1849
43.0004
2.64598
1.3226
10.2537
18.1999
1.3228
1.6613
9.26672
33.0777
4.96773
2.6509
1.3234
8.93163
1.66301
7.28328
1.98908
14.8847
30.4384
3.96941
1.32292
27.7891
2.97677
9.59545
1.98822
6.28462
3.64967
3.9782
2.98291
10.9213
1.32277
27.7843
43.0058
29.108
1.65369
19.5206
1.32738
2.98309
1.98462
1.32677
13.2343
1.32267
2.31524
4.30012
4.96142
2.31554
4.96419
28.4462
18.5275
2.64597
6.94905
15.877
7.942
22.1622
3.63841
2.31569
19.1889
4.29981
27.1275
2.31542
1.32265
38.7075
1.32277
7.93841
1.66183
17.8625
4.96116
10.2541
5.29615
33.7397
6.95461
10.2575
1.32606
39.3658
19.1947
20.839
1.32282
31.0962
1.32932
1.32267
4.63048
32.7465
3.30767
37.3775
3.64249
5.29222
18.8539
1.65411
16.5449
5.30016
26.798
3.64076
28.4468
1.98713
1.6571
36.3907
39.0341
6.94578
8.60557
21.5007
23.8158
1.65356
3.96888
1.32282
27.4585
2.64976
41.0248
1.66114
17.538
9.27051
6.61568
35.729
2.98177
2.31655
1.98472
1.32277
8.93163
30.4323
36.3895
2.98419
17.5308
10.9209
1.99092
2.32217
1.32275
3.64759
43.0103
29.1124
11.914
6.28479
2.31842
1.32953
1.65846
21.505
2.31544
33.4187
20.8417
5.62339
5.29736
24.1537
30.7621
1.32282
1.98834
38.3736
4.30528
28.1157
2.65091
2.32102
3.30985
1.9884
1.65761
40.6934
20.8388
43.0035
13.2306
17.8615
35.0618
1.32269
17.8617
33.0813
6.28917
1.32811
23.8196
5.29228
16.8758
3.63816
1.65685
23.4877
1.32338
18.5237
2.32545
3.64679
7.60794
1.65736
6.61882
1.66059
28.1155
5.96147
2.64969
2.64698
6.28523
1.3232
4.63632
40.685
36.39
3.31271
6.28914
1.32619
38.7011
1.98764
12.5695
1.65416
5.29253
4.30227
37.0466
4.6308
3.96908
2.31508
43.0046
7.2771
1.98462
1.65778
1.98468
1.65707
2.31539
33.4128
1.65379
31.4238
1.66372
37.0521
43.0086
5.29205
1.66145
2.32662
1.98425
3.97507
36.3938
32.7468
1.98433
1.3228
39.3702
1.9906
17.8743
1.32275
41.3554
1.99216
34.0701
3.30768
1.32282
3.64377
1.98485
1.32335
2.64605
30.1071
5.29293
22.162
1.32292
32.7467
1.3232
1.98893
43.003
1.32305
38.7007
2.31526
1.32723
7.60767
9.26199
30.4312
1.32287
1.32674
35.0678
41.6892
26.1392
16.8695
5.30302
12.9112
15.5464
4.63809
41.0242
5.96382
12.9002
2.32098
5.95959
28.7771
1.65751
1.3226
3.63808
1.32671
4.96205
42.0077
1.99103
41.026
4.63727
35.729
1.32274
3.97476
6.2853
36.0629
9.26176
3.97461
8.60031
30.7768
22.824
4.96166
34.0769
28.4472
28.7957
27.7866
27.1364
4.96371
26.7982
2.99416
9.92399
19.5253
6.96159
1.32368
10.9166
7.28173
5.96174
43.0025
25.1424
21.1786
32.7473
12.2405
3.97423
4.30598
14.5601
3.63885
17.8623
1.99146
1.33273
4.96893
19.1981
15.5474
23.4858
17.2005
1.65938
4.96212
4.63116
10.5991
3.97782
37.3777
14.2251
1.334
1.32343
1.33539
5.30125
15.8832
1.32892
22.1726
3.3081
23.8273
1.99701
3.976
2.97697
26.1316
37.7082
1.32421
7.27734
1.32331
11.2509
2.97699
14.2238
3.96931
41.3474
1.99213
4.96278
8.27495
4.96134
41.3463
25.1388
4.96162
3.31711
5.29208
43.0056
10.2581
39.3621
2.65301
2.323
28.783
34.401
1.65419
26.4626
40.3546
3.97608
2.31862
3.64233
1.32303
18.1924
28.7771
5.6262
29.4425
25.4747
6.95024
1.32288
24.1494
6.28811
1.98913
1.65816
23.8248
1.98787
1.32859
32.746
39.7021
1.32298
2.31531
4.63116
7.93917
8.60021
39.038
1.65779
6.94629
1.32361
40.355
5.96682
7.61402
1.32328
1.98998
1.99277
1.6547
2.65396
2.97732
1.32341
2.64608
2.32158
1.99246
1.32712
3.96895
2.98088
1.65432
1.66061
26.1334
3.97229
2.9775
1.65358
2.65247
3.97823
2.97711
22.4998
11.2463
30.1031
1.32267
2.65235
2.64582
2.98194
4.6356
3.64511
5.63048
4.63672
2.31969
2.65652
42.6702
26.471
4.96705
2.32297
1.65414
33.7402
37.3815
2.65642
2.32151
12.9001
24.151
1.32277
37.046
3.64028
43.0035
11.2496
3.64339
1.3227
34.07
1.32735
1.65424
30.4312
37.3775
42.6728
5.29241
1.32386
4.30578
33.7391
1.32437
3.64463
36.7159
1.65586
1.32272
1.32322
12.2389
2.31539
9.92975
1.66031
3.64499
17.2035
1.32581
8.60741
2.32502
1.65389
4.30014
1.32326
7.27703
1.6589
3.96887
3.63824
10.2555
29.4386
2.32259
1.98882
34.0743
1.32282
4.63665
17.8625
3.9754
7.27949
2.64732
1.65381
40.6927
39.6942
5.6305
41.6821
39.0403
12.9005
4.63545
22.8297
1.65387
2.6595
10.9203
29.109
3.3076
31.0926
1.99876
2.65781
7.95386
8.27882
6.95466
3.65416
1.66142
7.61068
2.9976
18.1933
7.60845
4.30206
13.2391
10.9179
8.60311
1.65503
6.28547
35.3938
2.97768
2.65632
2.99046
11.909
5.62463
3.30882
32.4172
1.66393
1.67473
4.64069
13.5623
3.64008
3.97547
2.31668
32.758
39.6934
1.99115
1.98472
1.9906
39.3627
5.29733
22.4945
2.65973
19.5158
38.0393
22.8247
1.34106
1.99959
2.64651
16.8781
39.0337
3.97051
4.6444
30.7627
1.32416
6.62233
1.32962
41.6939
2.32899
9.93034
9.27323
28.4567
2.98993
21.8457
6.29255
3.97674
2.98604
2.32503
1.99773
5.63219
2.97934
8.60678
3.96998
1.33822
1.66365
1.98862
2.9779
4.96496
9.27129
1.32371
5.96424
29.1182
2.31572
43.0089
14.5619
3.96965
4.30389
26.7955
1.32317
9.93625
4.63068
2.31648
6.94738
3.30854
37.7146
32.4202
34.4032
2.64679
3.96953
17.2013
34.4009
7.27668
4.63115
11.9112
6.28446
3.63856
4.30239
34.4053
33.4086
2.31964
2.31552
42.9999
1.98516
10.9163
2.31992
5.95367
28.7812
3.3136
4.96797
2.9885
2.98275
1.99232
13.5672
4.63088
19.1956
36.0584
31.4306
7.60822
43.0006
1.32303
2.65113
9.93042
4.30022
9.26217
4.30042
1.32421
35.726
7.28158
1.65399
25.1461
4.96159
2.31802
35.0666
37.3867
2.30763
30.4336
1.65472
43.0014
1.33647
1.66119
5.63141
29.781
1.98508
2.32867
6.62507
2.64663
3.97013
1.32381
26.8026
3.6476
39.0315
6.61576
5.29395
1.3229
1.99237
1.3231
19.8531
4.63085
2.64701
1.99037
13.567
1.99166
8.93137
1.65857
17.8617
1.33109
26.798
1.65869
3.30808
28.7925
1.65966
1.98998
3.31471
2.98481
16.2091
1.32348
3.64473
1.32317
6.95266
3.9696
1.323
26.7932
33.4189
4.96988
17.8625
23.1564
3.63824
3.31321
1.65913
3.64272
3.31261
15.8779
1.32285
1.66349
15.5606
1.32613
1.32308
6.28477
3.3116
2.65212
2.64592
32.7464
3.31071
3.97373
1.32277
26.7968
21.5034
15.2171
33.7442
1.32499
42.0126
34.4043
5.95424
3.97067
10.5939
1.98634
25.8062
11.911
19.1969
2.97778
1.6609
10.2577
3.30884
27.127
29.7722
26.1311
2.65174
1.662
2.32561
31.4286
1.32399
2.97735
10.2649
6.61811
1.98991
3.97835
5.96405
2.3212
2.65156
2.64744
3.96986
1.32305
19.8478
1.65382
4.30621
13.2352
2.64762
27.7868
35.3935
3.63963
3.64612
4.6392
40.6857
4.30287
5.29357
12.2433
3.31347
2.31847
12.2493
24.147
29.4456
1.32773
14.8925
1.32773
5.63091
5.62289
1.32783
1.33342
28.7772
1.6609
19.1847
2.31557
1.65779
16.8697
2.97679
3.6419
34.0763
31.0995
1.6544
28.1214
7.94733
9.26174
4.96928
11.9245
4.30169
1.98649
42.0093
2.65445
2.31562
17.2024
2.65339
38.0391
1.32262
3.31101
39.0319
12.2431
25.4698
3.3075
20.1812
33.744
19.521
11.5805
9.5929
2.31574
20.8425
24.4803
5.95421
35.7298
11.5809
41.6798
30.4315
2.32017
10.5849
2.6466
2.31721
1.65695
18.5234
1.99439
23.8211
21.1777
2.31872
8.94113
18.2047
3.30935
13.5628
4.63072
1.99246
13.894
7.93972
34.4011
35.7239
1.3227
4.63073
3.64464
18.1991
1.32745
1.98498
2.64674
3.31175
29.108
27.1231
1.65358
6.61885
1.3229
3.64223
3.96946
1.66046
1.32275
40.3584
4.30011
1.32295
40.3545
2.64676
2.64623
3.63852
26.4669
2.64633
3.30772
32.7515
32.7475
1.3229
8.59988
42.0076
1.99246
2.31536
24.8081
17.5377
2.97696
14.2229
17.862
1.65343
22.1659
27.7854
43.0091
1.3231
5.62339
9.59312
3.31721
30.7676
42.354
2.31552
1.33112
15.8851
2.32346
26.7934
18.2001
1.32403
4.97178
4.96821
43.0117
2.32093
1.9845
2.6462
1.6661
40.0255
2.31666
2.32618
4.30009
15.8822
27.4544
22.8342
1.32436
25.1397
29.7788
2.32346
11.2553
35.7243
4.29997
40.3547
1.98964
4.96144
3.96903
2.97676
3.30798
2.98174
29.4451
5.95426
1.98543
3.31693
12.914
3.30848
33.4137
41.678
23.1646
19.5241
1.33056
1.65464
9.93975
2.64777
15.2166
1.98606
10.2547
1.9916
6.29284
16.54
25.4807
13.5642
21.5132
1.66603
20.8405
36.7195
13.2439
37.0603
1.32786
27.1286
3.97021
1.33651
2.65674
4.31384
31.7732
5.29529
1.32305
3.31455
18.193
22.163
1.98536
2.97866
1.33489
4.30968
3.31805
2.97891
40.6853
35.3926
6.63108
40.0261
11.2592
27.4574
39.0316
4.96177
43.0016
2.33493
5.97191
2.64936
29.1181
22.4996
1.66449
4.97491
35.0689
5.95868
20.8404
3.96994
2.64698
3.96963
7.60858
1.99888
10.5947
32.7471
40.6856
1.98505
41.3565
2.98592
4.63118
1.32328
1.32408
1.32355
5.62455
9.60109
5.29832
20.5146
2.65098
1.66344
2.64628
9.92308
39.6927
1.323
26.138
1.66183
1.65376
1.65756
1.6567
2.31562
1.98445
29.7746
5.62299
30.4308
2.97782
1.32254
31.428
3.96928
3.30753
1.32272
4.63253
2.64612
1.32275
5.29208
2.64615
14.554
1.32274
38.04
39.6985
24.8145
8.27399
11.9164
3.31855
43.0072
1.98481
29.7696
2.98227
3.97034
1.98816
30.7645
6.28442
13.5639
3.64324
1.98409
8.93069
10.9167
1.32274
2.31855
2.97696
30.7688
38.7018
28.7774
11.5823
1.32252
1.32318
8.60656
32.0844
1.98503
2.64645
41.3488
2.64679
2.32819
13.2329
30.7635
1.98726
43.0097
2.97974
3.31709
13.232
15.5472
2.9774
4.63177
34.4158
15.5471
1.98644
15.8775
1.32323
23.8207
32.4264
4.30024
1.32398
1.66244
35.3963
1.65381
36.7172
13.899
30.4347
3.64132
1.32871
5.96625
2.32853
12.5795
2.33056
35.3938
34.0757
1.33087
37.7146
41.0163
13.2308
41.6855
1.99491
4.30649
8.60008
1.65965
3.64138
3.63938
1.66628
1.99404
33.079
1.66119
32.0871
5.95469
3.64843
16.5416
1.65502
7.60946
17.8625
38.0394
5.29483
5.63406
4.97289
4.96488
1.65475
8.93494
22.1633
37.7096
29.1119
1.65571
38.3729
16.8696
17.8639
35.0674
9.92905
3.97322
23.4859
1.65832
32.7465
6.95443
3.64704
26.7947
1.99431
21.8323
7.27897
12.9015
4.63606
34.7316
43.0051
2.64701
5.95567
1.32368
11.2477
2.65545
19.5257
22.824
15.8778
28.7806
1.32409
30.1179
11.5891
3.31064
35.737
1.33187
43.0088
38.0409
37.0562
1.6542
2.64646
1.65892
6.94735
12.9005
5.30436
3.317
5.29918
16.5394
1.32532
24.4785
11.2469
4.63298
21.8371
5.62923
2.65096
41.0174
1.66238
2.98878
2.64661
3.64769
2.3164
20.1914
1.98855
1.32297
42.0087
2.64623
43.0045
5.96142
14.2322
32.4208
3.31645
41.6853
1.98519
2.97706
15.551
3.30795
4.96591
7.27693
1.66529
5.62292
1.32282
33.0781
6.94826
6.28451
3.63981
30.4363
3.30788
1.65978
3.64057
1.32624
32.4162
41.6796
5.95381
7.61004
1.32679
43.0001
5.29817
2.6504
1.32264
1.32292
16.2106
2.65387
15.2217
2.31531
3.3137
32.4257
2.31891
4.30963
4.30073
1.98501
3.63851
2.32346
1.33056
26.1308
13.5617
3.97451
1.32308
4.30034
36.7286
1.33787
36.395
36.3987
2.9776
4.64152
28.1174
7.61212
17.2008
6.95864
25.4712
15.5572
2.32054
34.4129
26.7932
7.28386
19.5227
7.94007
8.93714
4.96202
25.1468
25.139
41.6782
1.65359
1.65389
5.29728
1.32318
4.63895
3.32125
6.29671
1.32846
24.8119
11.5865
3.64344
38.0502
38.7105
1.3232
21.177
3.96965
1.32297
24.1523
2.97679
1.66132
2.65391
5.96247
1.32322
2.65159
1.9845
1.99151
3.96948
2.32421
1.65387
6.61543
29.7698
2.31617
1.66772
3.97089
18.8568
17.209
4.30078
19.5163
5.95878
19.5173
1.32968
4.96983
1.32406
5.62415
16.209
4.6417
1.33369
13.5687
15.5568
1.98644
19.8481
25.4703
2.64696
39.3617
4.63207
28.1169
5.62744
23.8302
2.97782
8.93097
33.7393
3.30775
23.816
29.7712
37.7189
2.31501
3.96953
1.33101
5.95448
1.33908
1.66041
43.0066
31.4295
2.64762
3.63966
1.98533
28.1174
9.59988
5.29308
18.8545
7.28856
3.31298
5.29276
8.28019
40.6856
15.2183
23.1634
4.969
1.65457
4.63115
1.6609
28.1165
11.9206
5.30004
9.93145
15.5595
42.3447
29.4443
3.64656
1.32363
38.04
2.98261
7.27723
13.5627
28.1223
22.494
1.98561
1.65753
25.471
9.26894
24.4891
3.30805
24.4773
27.7858
22.1631
33.414
26.1382
19.8475
31.0942
1.99545
1.66491
2.31618
7.28219
16.8701
16.8707
21.1702
1.99896
6.94741
43.0124
12.2392
42.018
1.66554
2.9781
9.93686
2.97898
21.5044
2.3227
5.64172
11.2599
20.8531
36.0603
26.4728
1.98559
5.30097
38.0404
34.7341
13.8943
3.63861
10.5923
13.8929
1.98882
6.94665
43.0078
36.0548
2.99085
4.30012
2.65177
1.32672
10.254
1.32379
2.32226
24.1541
4.63214
1.98491
40.6859
3.97552
43.0077
40.3581
3.97434
3.97087
6.94728
27.7899
2.97722
8.60008
22.8271
32.0993
2.65169
4.63118
7.28318
2.316
2.98523
43.0074
4.30563
2.66228
2.64865
3.31898
1.33696
3.63986
36.0562
24.8124
4.96579
26.1396
27.7862
23.163
24.8082
33.7401
5.62759
18.1926
1.65654
1.6545
4.96217
24.4823
2.97707
37.0484
1.32896
43.0082
37.0464
1.65978
21.8394
9.60139
2.31607
1.32343
3.97338
1.33173
5.29385
3.31663
36.7246
10.9235
15.8837
5.6366
1.32685
5.96556
1.32416
3.32042
2.65722
2.99267
21.5046
1.66102
9.93019
4.30047
37.0482
3.63912
33.741
1.32393
40.3551
10.2547
2.65262
23.1558
4.96182
5.6307
3.97625
2.3231
24.1518
2.97711
19.1886
1.65376
2.64605
13.8973
40.3546
27.7848
4.63161
1.65899
2.97704
25.1421
20.1815
1.32432
39.6933
9.26194
8.27228
1.65391
1.32828
41.6778
40.3561
8.26925
1.98438
2.97725
17.2039
40.0242
6.2916
38.7001
25.8055
6.95066
1.65707
24.8113
35.7229
4.30103
38.3738
42.3424
38.0396
33.4086
1.323
35.3945
4.30019
3.64059
1.32287
5.95391
4.29997
1.32259
2.97995
34.0716
34.0723
43.0031
1.98447
1.98498
26.4623
1.32303
1.98923
1.32325
1.32303
1.9843
22.1652
29.4392
5.95357
9.59627
27.4546
16.5481
28.7831
1.32264
17.1999
19.1847
43.0069
40.6842
4.63556
2.98151
19.1858
4.96197
1.65371
1.65374
4.63115
1.32762
9.59618
4.96169
7.28282
6.61864
2.97749
1.9846
12.9006
2.31845
1.98923
7.27764
4.63512
2.97692
8.61068
1.32919
6.62094
19.5155
16.5441
3.30745
1.32307
6.28474
12.2394
1.99171
7.28313
10.9189
3.31594
39.0353
41.3482
5.29203
1.98783
5.62479
27.1235
42.0108
1.65581
1.98941
1.6577
2.31842
4.63057
2.64666
41.3497
18.5263
3.63846
6.62066
21.5038
1.32264
1.32571
2.97752
39.6925
18.8579
14.56
15.2154
1.32274
2.65384
26.1363
25.4698
33.0775
1.32325
1.32283
32.4194
1.32512
19.1847
3.30972
3.6413
1.65702
6.61512
6.28456
1.65356
4.30009
1.32303
15.5461
4.63351
17.2042
17.8639
38.3699
1.98635
7.61082
28.777
9.26168
18.1933
33.0774
14.2235
2.64593
23.8154
8.27235
1.98878
1.32297
1.32585
24.1483
1.32269
30.1033
1.98865
22.1677
24.8085
1.3246
19.8471
1.32305
20.181
1.32269
9.26684
4.63624
4.96922
8.60024
22.834
21.501
5.29256
41.0165
1.98956
1.99004
2.97687
37.709
6.61632
2.65217
2.97729
17.8628
5.95438
9.59298
2.64676
1.32803
3.976
36.7224
3.63847
2.3169
27.7879
1.65457
27.4596
1.32571
12.5771
17.5335
31.0939
12.2396
37.7126
40.0285
8.60129
14.5541
31.4239
8.60137
30.7623
2.98351
1.98883
2.64754
6.62627
9.59441
14.5572
3.64145
39.6939
2.32267
14.5563
4.96144
1.32345
1.98993
1.65437
2.32007
7.61338
9.26591
1.3232
30.4383
1.32365
42.0196
7.61156
4.63045
3.64143
1.32272
1.3294
9.59245
4.96741
3.6388
27.1344
19.5159
3.6442
1.99343
2.32345
29.4433
43.0011
8.60393
22.1652
9.26122
6.61955
37.3802
1.65373
23.157
5.95727
2.64607
13.2348
26.7926
22.1633
19.5162
2.65015
32.0878
35.3973
1.32487
2.99007
18.5276
1.32295
2.97687
2.31834
8.27112
26.1348
3.63836
1.32269
1.99393
2.97681
24.4772
1.98435
1.3229
40.3577
12.2384
1.65766
13.2309
2.65005
13.8927
5.29379
1.32288
2.97921
1.32272
1.32272
1.32631
1.65574
1.98812
23.8234
1.65386
1.65657
36.7197
1.32593
2.97669
3.63837
1.32757
1.99097
1.32308
2.64593
1.3229
6.28444
14.2256
40.3595
6.9512
33.7437
12.2386
1.32275
23.8186
1.32257
39.6924
20.5119
15.5464
9.92295
25.4693
8.93085
7.94085
17.5341
27.1234
34.7333
1.65449
2.31499
17.5327
2.98003
20.5118
31.4233
1.32303
24.8126
9.59282
9.92854
1.65832
39.3621
1.98526
1.9909
7.60805
42.67
42.6745
3.31104
1.32265
4.30237
2.6488
43.0008
1.3227
6.94837
24.1505
4.96561
12.5695
3.30798
5.62397
33.0774
2.31969
1.32274
26.1308
5.62271
1.65442
4.63139
1.3227
2.6459
6.94649
35.3962
1.32771
5.95406
4.96291
1.98591
26.7924
17.8633
1.32451
34.4004
7.27748
5.29253
2.97861
38.0393
37.3802
1.65569
3.31061
5.29296
4.96356
22.1614
6.28786
1.32503
35.7263
1.32287
10.2538
40.6879
6.94621
3.6433
1.323
15.2171
1.98601
25.4705
1.3228
1.65373
15.2155
18.1949
2.97773
29.1108
2.97737
29.1083
3.30848
42.9995
5.29217
14.2237
20.177
1.32283
6.61536
2.646
1.32292
19.5151
42.6742
1.32361
6.61791
2.6462
7.61201
1.65953
2.31655
2.64626
20.839
1.98614
1.32313
27.4544
1.32816
41.0169
4.30899
7.61034
28.7793
3.97146
1.98941
3.31243
4.63968
6.28925
23.155
1.65379
2.32295
2.64688
11.5816
20.5089
20.8498
36.7252
4.9646
11.5818
20.1847
15.5557
2.31625
20.514
4.63512
3.63847
17.5332
1.3257
3.97347
3.31121
3.31549
3.9691
1.98475
3.96926
2.98046
6.61593
1.66234
1.65455
23.8171
15.8938
4.30422
11.9085
3.30839
27.1242
2.97719
1.65402
4.30874
2.97787
3.63904
3.31384
1.32302
1.65364
2.64602
5.29645
1.98741
14.2233
1.323
42.0081
28.1199
20.8391
31.0964
42.0151
8.2738
1.32312
3.31552
5.96073
19.8545
4.96836
36.7158
22.8233
1.66028
5.95396
24.152
4.30014
1.32302
34.7427
35.0618
4.63387
1.32259
9.26456
8.60225
1.32272
2.98243
1.65402
3.97519
31.7552
2.97745
2.98137
13.899
22.8278
5.954
42.0078
40.355
1.65424
1.65389
17.5308
1.98945
3.63894
38.7096
18.202
2.98255
38.039
2.31521
2.32007
5.29213
1.98435
1.6569
5.29215
18.863
10.5843
4.29976
2.98045
17.8634
41.3487
1.98448
13.8925
1.3229
5.62744
1.66211
19.1855
1.32345
1.98936
2.98098
7.61077
3.97608
18.196
39.0354
41.6774
10.9171
1.32267
25.8005
4.30616
1.32277
38.0418
19.5208
10.9209
2.97926
1.32274
28.4469
1.98771
22.4923
3.31025
1.32305
26.1315
1.32886
22.162
1.32287
1.65531
1.65333
1.32302
1.32267
15.8807
14.8845
2.97727
5.62931
28.782
40.6899
22.1654
3.6412
1.98665
1.32292
31.7583
5.62319
18.8579
25.4732
2.64944
1.98433
40.3552
14.8888
1.985
16.8724
4.63429
2.64952
2.31893
3.31089
1.98481
43.0037
39.6924
21.1692
16.5386
31.7558
16.8703
1.65364
13.5615
1.65856
1.32262
21.8357
1.32279
14.8848
31.0944
1.65397
1.32515
4.63292
31.0976
17.8616
1.32274
1.65816
16.5383
1.98754
5.29241
1.98814
2.64579
3.97143
5.29514
2.64598
31.7543
1.3229
6.2852
2.31511
11.5774
36.7192
33.7421
29.7697
1.3226
1.32274
18.5249
3.31078
27.7866
7.94134
1.98491
4.30298
1.32571
1.32303
40.0258
2.64799
1.65344
14.8843
32.0869
1.32265
14.223
39.3634
1.32257
23.1556
41.0155
3.64074
1.32259
3.96903
27.7879
19.5188
3.30735
10.2536
8.27493
43.0012
3.97211
1.32283
2.31595
1.32336
1.32546
1.32545
2.98222
26.4655
1.32259
39.0329
28.451
1.65606
6.94798
7.60741
1.32315
42.3387
27.4616
2.3182
31.7569
1.32244
23.8204
1.65354
1.32275
36.389
43.0008
43.0044
1.3231
10.2586
17.8675
4.96142
14.885
14.5625
34.0737
8.60471
1.32317
24.4809
1.99257
1.3228
14.887
27.1234
37.3767
1.32277
23.4884
4.96134
9.59479
1.32288
1.32254
25.4692
3.31068
33.7441
7.94161
2.97929
33.7435
38.0398
3.9731
26.7929
14.2279
26.4624
37.0471
1.65801
7.277
15.2175
8.6017
7.9385
1.32302
1.65483
4.30497
6.28626
16.8725
4.30388
36.3852
4.30217
4.30002
43.0052
1.98438
16.2077
2.31532
3.97226
7.61235
22.8275
26.7966
11.5793
4.29992
1.3226
1.32287
2.97945
3.96907
32.4159
42.0081
21.4998
2.31638
34.7328
1.32249
14.2264
11.9082
38.0422
1.32277
2.97676
3.31091
16.2076
8.60547
19.5153
14.5539
13.8924
1.32247
1.32245
1.9846
28.1185
6.28423
1.32285
1.98609
1.3228
32.7483
1.32277
2.97686
1.32272
6.94644
28.7807
1.32654
21.5025
1.65386
15.8782
1.32277
19.8477
1.32601
1.32277
1.32257
1.98662
28.782
1.32345
5.29256
34.4046
14.8853
2.31714
14.885
1.32477
16.5421
3.31294
1.32274
3.97203
2.65525
22.8234
1.32717
5.62302
3.6432
33.4105
3.3114
1.32267
1.98468
4.63389
6.61831
41.0162
1.32527
4.9624
1.32343
38.0409
22.8254
2.31491
18.854
2.98126
4.96139
1.32269
1.3227
11.5774
1.32312
22.8268
1.3229
4.63889
1.65429
18.531
37.3819
6.61541
29.439
31.4267
1.32288
4.30293
15.8772
3.30801
14.5542
13.2335
3.30975
12.5702
2.31498
1.65609
1.65411
3.64107
31.0926
2.97987
3.30791
1.65376
7.94151
14.5564
1.32677
2.31501
2.64607
25.1427
42.9995
5.62886
1.98837
1.32331
41.6776
1.65904
4.63131
2.97744
2.32063
26.1364
11.2464
1.32507
37.046
2.31519
1.6576
9.92324
36.385
33.4104
34.0689
10.5844
28.7812
3.31309
1.32269
7.27683
2.31877
2.64944
30.101
18.8549
1.65394
1.99087
1.65406
41.3505
16.2084
25.1454
2.64635
36.0585
8.27382
36.3894
34.4003
1.65895
17.5325
3.63819
10.2562
1.32282
3.63819
3.9691
1.323
15.5489
1.9844
1.32264
43.0005
2.31827
2.31511
1.65391
1.32264
18.8541
1.98427
1.3229
4.96548
1.32259
2.31519
2.97896
1.32578
1.32275
1.65379
1.32259
1.32277
1.65493
1.32287
10.5845
28.4462
3.63837
7.93836
1.32254
2.64949
3.9711
37.377
26.7982
1.32282
3.63861
2.31615
1.98711
6.94591
4.30264
7.60739
43.0003
1.65334
1.65578
1.32269
1.65645
27.7846
15.8784
1.32252
31.0927
1.98918
1.32283
22.4983
29.7703
1.32556
3.31064
1.32752
1.32274
4.63085
1.32269
20.5081
1.65381
1.32566
2.64658
1.98528
13.2315
1.32406
1.65392
35.0622
26.1364
4.29966
1.65601
1.3296
23.1584
1.32283
2.31827
19.5212
28.1197
2.646
1.32264
19.1866
1.65338
4.63366
4.30126
11.5803
1.32267
6.94822
14.223
2.64602
15.877
8.27392
2.31509
32.4155
1.65581
1.65368
1.32265
33.7386
24.146
2.64785
17.5329
42.0084
33.7386
2.97909
2.31489
1.32293
11.2476
3.9692
1.65874
3.97259
3.96943
1.32293
27.454
18.1926
7.27643
8.59985
3.96918
29.1101
1.65364
29.7714
17.2038
7.93856
39.0344
1.65597
30.7657
1.65503
6.61804
39.0338
1.32265
2.31683
1.32252
3.96879
1.32482
1.32264
1.32262
1.65356
33.4078
4.63374
4.30082
17.8617
32.416
1.32331
3.969
4.30279
4.30143
32.4176
40.6859
4.63272
1.65409
2.31549
29.4426
12.9006
23.8172
2.31579
41.0169
1.32345
2.31544
7.281
25.1392
2.31663
25.1385
1.32267
2.31786
1.32262
23.487
3.31298
1.65922
22.4971
2.64625
5.95458
2.97792
2.9773
10.255
4.63187
30.4385
8.93071
2.64595
1.6554
17.2021
10.9153
26.1312
4.96308
1.32287
38.3696
6.61543
6.61543
28.7807
4.3033
28.1156
10.5875
43.0017
1.32272
23.1552
3.64162
2.64878
37.0478
31.7538
35.066
39.6933
5.29231
41.0184
1.32292
5.29243
1.32561
23.4851
16.2111
2.6482
37.0491
22.4934
2.97725
24.4809
2.31868
19.8484
7.2767
2.97671
2.64653
11.9082
2.97677
16.5383
1.3229
6.94609
2.97694
1.65358
4.30451
42.3422
2.31524
2.64724
5.62322
36.3888
1.65404
3.30778
16.8699
1.9883
19.189
1.98476
2.97704
3.31149
9.92687
8.60029
4.96182
1.32287
17.8626
1.32262
1.32379
1.32257
5.29177
2.31618
2.64623
42.3384
38.3714
1.32269
1.32255
1.98476
5.95565
2.97797
1.32272
3.30922
26.7924
2.3182
2.6504
2.98036
2.31509
5.95683
3.97208
17.2046
11.2461
6.28446
1.98472
1.65554
1.32489
8.60039
4.29978
8.60125
1.65358
1.65386
4.30375
20.8405
1.98907
16.2128
5.62284
2.64588
3.9692
2.31711
1.98733
3.63813
7.27681
37.0468
1.32265
12.5719
11.9085
1.32247
1.32786
13.8963
2.31733
2.9805
12.2405
42.3387
1.3227
10.9155
36.7172
1.32267
1.32262
4.30277
3.63796
1.32264
42.3425
1.65452
42.0098
4.9619
5.2943
1.65399
42.671
39.0305
1.98794
4.30103
1.32446
16.2078
15.5462
32.4161
20.5108
17.5317
3.96994
7.27873
29.1098
4.96463
18.1944
20.8408
2.64597
12.9018
3.3081
1.32318
8.26987
43.0006
2.64595
43.0017
26.4626
21.5012
30.4315
5.62478
4.96435
1.32778
1.65396
18.1941
9.92665
43.0017
2.97673
14.8888
1.3227
2.31756
1.65348
1.3227
22.1615
30.7618
1.65626
1.32287
1.3227
1.98746
1.98634
9.92366
2.31744
38.0419
21.1747
2.64774
4.96273
37.3766
9.26269
42.3405
1.3226
30.0999
9.26118
12.5731
1.98655
8.60134
6.94902
25.8033
1.32257
1.98668
40.0234
1.32275
4.30009
1.98695
28.7786
2.64615
2.31496
8.93071
1.32255
2.6461
9.59341
9.26247
1.32247
2.31623
18.5241
3.30848
5.95597
1.65748
2.97696
13.5656
38.3697
2.31554
1.65583
36.0538
37.3789
38.7007
1.98483
1.32262
6.94675
1.65478
11.2476
1.32257
1.32293
3.3075
13.2316
16.2103
1.65513
1.3225
11.5775
36.0534
3.63824
6.94578
1.65617
39.0322
36.7154
18.1948
32.7468
1.65495
1.32282
2.6481
6.61505
9.26229
23.8161
2.97666
22.8249
5.95549
2.97944
2.31825
2.64583
15.5461
4.96243
1.98562
15.5471
21.8311
2.31604
3.30791
2.31748
2.97671
4.30406
22.1661
2.97671
1.32285
12.2421
1.32292
20.513
1.32255
5.29577
12.5739
3.31145
1.98453
5.29483
34.4024
41.0217
25.1387
4.63586
9.92324
2.98068
9.92406
2.64607
6.28773
1.98943
5.95415
3.30988
1.32323
34.4004
39.0324
15.882
4.96137
4.63153
3.30796
1.65351
39.0353
15.8796
39.0331
42.0124
22.8274
1.65713
27.1267
2.31805
26.4618
4.96159
27.4579
21.1733
24.1496
23.1577
1.98822
43.0041
1.98447
32.0848
6.28724
4.30095
1.32277
25.1384
9.26186
20.8394
1.3229
1.32308
4.30057
4.63134
1.32267
40.0245
1.65331
22.4925
3.30975
29.7717
1.32265
1.32282
1.3231
7.93901
35.0617
1.98586
37.7081
6.61778
16.5417
28.4468
37.0495
13.5652
2.31764
4.96391
6.94587
23.1539
1.32255
1.65842
6.61862
2.97677
2.64587
20.5091
1.32252
1.6568
2.97977
30.4326
1.32254
1.32259
2.31751
1.3277
10.9183
30.432
17.5309
4.3007
18.8551
1.98607
1.32259
38.3729
2.31518
16.2081
1.65387
1.65376
2.97846
27.7847
23.8169
1.98437
2.31503
7.60795
2.97711
2.64603
29.1079
13.2329
18.1924
33.0788
23.1565
41.6771
3.97208
40.026
17.2038
5.62339
20.8407
1.32287
1.32269
1.32274
5.95558
2.64717
15.2166
6.61538
42.0092
1.32282
3.63814
2.97666
3.30877
3.30939
1.65376
10.2538
1.32259
33.0789
4.96129
6.94576
1.65346
3.30788
17.5307
1.65459
2.64711
1.3226
9.26158
1.32374
1.32335
1.65361
30.7618
3.96941
2.31508
2.9775
3.64049
25.8022
3.31038
7.60977
43.0013
6.94841
43.0006
1.32285
39.0332
1.65387
1.32292
8.93291
9.59199
19.5165
2.64752
32.7483
17.8615
15.2155
1.32259
39.0325
33.7399
42.6687
2.97793
1.32465
3.64033
27.785
5.29202
14.5568
4.6307
2.97679
4.30219
32.0876
1.655
28.1159
5.62316
8.93209
9.92392
6.94697
28.777
1.32259
2.6457
1.32272
35.0616
33.077
37.0457
24.8076
42.3387
1.65594
2.64686
4.96128
6.94708
4.63174
1.657
15.219
37.7086
1.32608
16.8692
1.32482
34.734
26.462
22.4978
10.2555
19.1852
20.1769
30.4311
8.93241
1.32444
8.27074
8.93208
2.64583
22.4921
32.0885
1.98675
1.32293
31.0951
37.3797
1.98429
1.98445
1.32264
3.64021
5.62279
43.0081
3.64327
32.0859
1.9861
15.546
1.32267
41.3461
31.7564
3.64071
1.32487
27.127
3.30735
2.31575
4.96424
40.6849
6.62
1.32269
36.3871
11.9075
28.1154
3.9715
1.98495
1.65799
3.3164
7.28158
27.4585
5.6278
34.7312
8.60403
3.97036
3.3099
3.30871
22.1624
21.1702
1.32384
3.64575
41.0163
23.159
36.7157
27.4597
22.1624
27.1237
2.31857
1.32293
2.98534
2.97773
32.7511
2.97729
15.5545
15.5473
4.63189
12.9058
2.65576
15.883
22.1635
11.5778
2.98237
5.96063
12.5696
6.94614
1.98476
21.8418
2.64933
25.1478
1.98486
3.31523
37.3771
1.32814
31.0942
19.5171
2.6463
3.30988
6.61755
3.97241
2.64903
36.717
2.64666
21.8342
2.31809
9.26161
25.8012
42.0116
12.9003
24.4779
8.26947
2.31552
2.32085
1.32755
7.60752
2.31526
29.4391
4.63153
37.0459
2.97735
3.9741
2.64848
9.26231
2.31524
7.61665
1.6597
1.3277
12.9026
35.0614
2.31518
3.31119
28.1173
40.6853
2.31886
2.64656
14.885
3.97272
2.64602
30.4348
1.3234
1.32318
43.0031
1.32624
20.5094
6.617
6.6171
43.0007
7.27784
16.5385
23.8154
3.97352
3.64284
12.9051
9.92394
20.5122
3.97155
43.0034
3.96963
2.97679
7.93949
10.2537
7.60976
4.30159
5.29501
4.30001
14.5544
1.3226
4.63075
1.3226
1.3226
13.2307
2.31738
12.5697
23.1563
1.32302
2.64631
2.97947
17.2009
3.97112
7.60814
38.3698
2.3181
7.94142
18.8587
3.63846
1.65664
3.97008
1.32295
10.2575
42.012
32.7467
1.32479
3.64277
2.98172
3.97325
30.7642
1.65657
39.3622
5.95687
8.93226
23.154
1.32399
8.60172
2.31504
1.32275
1.32252
2.97871
14.5553
42.3388
1.32406
2.31536
5.62397
2.64605
1.98491
2.65604
2.64936
6.28512
2.97697
1.98787
2.64856
32.4157
35.7232
29.1098
28.1196
1.32312
2.31527
1.32279
15.5489
2.31539
30.1013
1.32723
1.65449
1.32288
1.65344
6.28729
36.056
4.63346
23.4847
1.6569
31.7581
4.30282
1.32252
16.2075
2.65239
2.31981
2.64623
16.8725
3.30724
4.29984
