0.402368
0.911456
0.384737
0.452993
2.45674
6.44352
7.00326
11.3794
0.389824
3.86679
0.408372
0.856652
3.35496
0.911623
0.0233763
0.611568
0.708364
1.15892
1.37433
0.13927
1.08928
0.946933
0.147402
0.0249687
2.81217
1.51004
2.33837
0.156589
5.71515
10.5501
3.303
1.21572
5.20523
1.12243
5.51611
1.47111
3.91205
0.105662
0.918087
0.219644
2.35529
3.5986
2.37726
1.04226
4.32402
3.97769
1.01811
1.4489
0.13446
7.00023
0.286968
0.204931
0.2534
0.751741
4.53707
0.352543
0.286429
0.0228945
1.28309
2.73566
0.164255
6.70656
2.19202
4.47511
2.4342
0.117372
1.53409
3.60355
1.06916
0.350757
1.12486
2.99242
1.55784
5.68263
6.94417
0.364948
2.27472
0.868153
5.4752
0.715947
0.754878
0.708612
0.795808
4.00202
0.585391
0.558992
2.87541
2.00415
7.25576
0.571136
0.802068
5.48937
3.28461
3.77951
4.29438
6.33811
0.208019
11.3267
1.57742
0.327627
3.36778
1.3817
0.476008
1.3468
7.69874
2.49644
0.730122
1.78687
1.16509
1.28594
1.72514
1.3554
1.41365
0.628138
0.0259402
0.795431
2.5487
0.448868
1.25163
3.10692
1.97023
0.111404
2.02029
4.35677
0.997943
8.32355
8.39161
0.575522
2.2661
2.20281
3.63195
6.37453
1.02856
1.85291
0.47
4.8684
4.32103
0.904518
2.34628
1.24486
0.908208
2.90764
0.905264
2.37589
1.06191
1.83696
2.36261
3.1445
1.80399
1.03472
2.32799
0.824098
1.50566
0.590652
6.46976
2.88608
0.873175
2.13601
1.10549
0.174396
0.127176
0.0842492
0.48774
0.200731
6.64562
0.810913
3.63137
1.45828
8.01204
0.0932242
0.31735
3.76095
2.59837
1.18851
1.90345
2.28243
3.69604
1.64657
1.10856
3.79102
0.676897
3.1304
8.57025
1.86009
2.76954
0.687095
0.300146
0.811117
0.495274
1.50347
2.50515
11.2316
0.853409
1.0411
0.234526
2.59621
4.62148
1.12187
3.28927
8.09022
1.61567
0.760406
5.70838
3.08435
6.28545
1.30758
1.35323
0.323074
0.210166
0.0122989
4.09192
0.909383
0.218281
0.429463
0.70585
0.379562
1.16848
1.93459
1.53642
1.67038
0.0822243
0.108174
1.27676
6.72727
6.97487
0.894298
0.123032
6.008
4.79481
3.88164
5.31743
1.31486
0.310969
6.87291
2.43039
0.0296988
0.838861
3.5839
0.798542
4.6152
7.65885
1.55801
0.0459469
3.13726
2.20834
6.74933
3.2455
0.769002
5.38907
0.48284
0.906131
0.560406
4.95209e-05
3.46829
0.457861
1.05127
0.856167
0.87204
0.0105022
4.91939
3.1619
0.614419
2.64864
0.0361568
10.6312
1.00812
1.01558
1.05181
0.391709
0.0597709
0.64312
1.57222
13.0239
0.580528
3.08526
0.408923
0.340701
3.68932
1.0149
1.5887
0.848745
3.23426
0.185127
0.431118
2.93382
0.764915
3.87841
4.15833
3.72571
0.846459
2.98668
2.59396
1.1534
3.9819
0.225973
1.33933
2.56613
3.47018
0.455368
0.539796
0.107465
1.93332
1.20372
0.052711
2.56669
1.39269
5.1197
1.80587
1.15035
7.96795
1.03797
0.0448108
5.28733
5.38581
0.788548
1.42399
1.66653
1.12496
3.18242
0.701021
4.26864
0.102226
0.0626195
0.234494
3.11251
5.56808
1.80868
2.47548
0.485643
12.2588
3.76726
0.425491
0.462499
2.323
0.446003
0.833262
1.27984
0.877512
0.240554
6.93534
0.158189
0.0215604
3.43566
0.813183
2.22966
1.87518
1.3298
1.26268
0.614011
5.46959
2.03115
1.44881
1.55703
0.820399
6.36722
4.25457
8.51018
1.64237
3.2136
0.519392
0.159261
0.409848
2.74539
2.66802
0.469989
0.101773
3.6551
0.358077
1.51237
0.146887
0.0846647
0.362181
1.84493
0.878669
1.44996
5.14301
2.60515
1.10698
0.430057
0.464178
0.344898
1.91977
1.34045
1.09321
3.84825
5.60994
0.671564
0.12476
0.756111
0.00456105
6.64259
0.486565
0.6838
1.65666
0.872886
2.68105
6.78631
0.335125
0.00189288
0.118908
1.03628
3.54768
4.83784
0.685034
4.926
1.6066
0.263616
0.857842
1.61938
0.985428
2.03809
4.16741
1.28128
20.2293
2.98802
1.43175
0.680068
1.02133
1.70644
0.0309348
0.0145268
4.3173
3.59898
0.43522
3.4887
1.38049
0.592205
2.75418
0.119705
0.0515274
0.0942456
0.729186
0.380172
1.26175
0.950497
4.17996
5.07723
1.54169
1.15103
9.44541
1.08119
1.4445
0.904857
0.286758
0.520771
2.23116
0.629885
2.19067
5.55899
8.12136
5.6452
0.172066
2.89796
2.72747
2.54131
1.12208
4.00018
3.00897
0.115495
0.365453
0.389438
1.46269
1.36914
1.51245
0.376187
1.73675
3.28824
2.99664
9.92963
1.81953
3.54839
0.802485
1.24435
0.580033
0.662397
5.78717
7.16458
1.46788
0.998718
1.1087
1.33382
0.415433
0.518568
0.803759
0.466507
0.565274
4.2772
1.9971
5.48799
0.672712
0.756472
0.691
0.0422951
1.26258
1.15407
0.0683209
0.345177
0.987171
1.97155
0.514426
0.0644289
3.84375
1.64142
0.395186
0.696138
1.21937
3.1301
2.66759
1.42888
2.70531
1.66621
1.0778
0.317954
1.07199
9.1206
0.2762
3.06851
0.297254
4.57487
0.146715
2.84664
4.24497
0.82527
1.45218
2.17894
1.4282
2.19682
1.89858
0.354208
0.770118
0.359052
3.04047
0.450668
0.984668
0.74644
2.69309
3.75631
4.54401
1.6935
4.39327
0.998014
4.55823
0.172707
0.988491
0.799117
2.81761
4.00783
1.00041
2.80269
0.416873
0.299479
4.12984
4.88452
6.84629
1.2182
9.73856
2.87324
2.27164
0.896376
8.73405
1.48959
1.97598
0.774546
1.47553
1.58889
0.223942
0.5336
0.116613
1.11117
0.683708
1.46506
1.85157
3.68774
0.910123
0.0784018
10.8343
3.46211
0.325219
2.3413
0.550818
1.45742
0.0408338
0.579776
0.622382
1.72
1.14849
1.29687
3.44477
2.81084
1.26671
1.38001
10.6765
3.74047
0.397184
5.63109
1.11925
1.84514
0.278798
1.79261
0.106351
0.167688
2.88761
4.58781
5.10662
2.86615
3.65542
0.341516
0.83698
3.08754
1.87186
3.45508
0.955628
0.11351
1.54599
0.760026
1.25373
1.74408
4.39794
0.433046
1.00405
0.184888
0.177665
11.7302
6.50362
3.77552
2.16235
2.82635
9.62762
1.17406
2.30017
2.04704
0.98731
3.29665
0.093708
1.09922
1.92312
0.769944
0.941391
0.36684
0.624362
1.30191
2.48372
0.0220208
0.212968
2.97173
0.15698
2.76069
1.25172
2.57156
0.288433
0.3181
0.691793
7.39714
4.26183
0.100659
0.405242
0.0165174
1.27705
1.09769
0.0668399
19.3277
0.577814
0.668071
2.59495
0.901034
2.93938
1.45454
1.0074
0.351174
0.87407
0.501083
0.154683
1.35243
0.200898
0.70274
0.326945
4.68456
1.50095
5.00654
1.21889
1.06889
1.86175
7.16605
2.45287
2.14616
0.941715
0.286036
6.54014
2.21019
0.0962978
0.114855
0.551251
1.26832
0.0609862
0.893737
0.689542
1.33129
1.19225
0.340569
3.23837
1.76298
0.369883
1.1792
1.63409
0.526166
2.15355
0.207744
0.871105
0.338867
5.09895
2.64116
3.57914
1.37738
7.76032
0.396712
0.666945
6.20334
0.309398
7.76139
0.45949
0.714632
1.16208
1.43675
3.94205
10.6168
1.32093
1.61862
0.936077
3.17067
4.29629
0.521156
0.0909472
8.33675
1.09625
0.902502
3.67418
4.74927
1.20045
1.52907
0.226894
6.82971
0.59353
1.37739
0.975183
0.876159
5.58871
3.81159
0.0533493
1.2892
0.264042
1.63532
4.03138
1.35625
1.67291
5.30963
0.894181
1.15289
1.1207
0.270878
4.75571
0.441215
5.50109
0.244532
0.702686
1.97295
5.33641
2.52236
1.25387
6.00374
4.20064
11.107
1.14557
1.52606
4.37003
0.853811
1.25483
0.269902
1.17642
3.06486
1.98261
2.57255
7.73382
5.53175
2.91835
4.57272
0.702366
1.65911
3.71614
1.75694
1.03869
0.89721
8.43312
3.61998
1.6631
1.1724
4.9704
0.0713447
0.905608
1.66518
0.945829
2.17194
4.73745
1.8571
0.736652
2.96736
1.24866
0.710504
4.14926
5.38651
0.21926
1.79716
0.213199
7.78206
0.966493
0.879207
4.32784
1.43118
6.83843
0.391619
2.01809
1.40696
1.28542
3.42628
2.15896
2.21482
2.41576
1.14733
3.80136
0.130679
0.420837
0.167684
0.0750534
2.87401
1.64577
5.22826
0.130615
3.25658
4.56546
1.95709
0.248314
4.8825
1.719
6.81454
5.08917
2.4152
3.62098
3.95928
0.254742
0.414023
3.98981
2.07798
0.199382
0.459316
0.643522
0.484863
1.6423
5.10586
3.6864
2.79224
0.628448
1.18955
3.4234
0.714681
1.67651
1.4512
0.761611
1.3422
0.669827
0.0678615
0.698297
8.84666
0.860427
0.629217
3.55065
9.40248
1.3929
0.435472
1.35897
4.92723
0.633533
1.13799
5.28082
1.85007
2.66292
6.98963
0.0453387
1.73204
10.7158
2.14475
0.209985
0.0931682
3.02775
0.118644
1.18684
2.47951
3.15514
0.394982
2.50342
1.21273
1.2257
1.42692
0.80128
0.968519
2.33377
0.199429
5.39845
11.0557
1.98596
0.0306829
3.64158
0.281567
2.34115
1.12039
2.16746
0.947499
1.74225
2.03161
0.258962
5.29705
0.464937
0.437286
2.35713
0.401137
0.192595
6.8352
0.969661
1.41957
2.53722
1.37395
7.95661
2.39473
3.0527
0.373783
0.797564
7.73029
2.57643
0.358599
0.325447
6.63413
1.88783
1.17957
0.0820491
3.71644
1.27571
0.385496
2.85268
0.805504
1.83926
1.67497
13.4058
3.66602
5.64598
5.91689
0.735583
1.88572
5.1264
0.099261
0.379255
0.0245964
10.9162
1.63329
7.34464
3.97375
2.63135
1.09039
1.44048
2.89204
6.41914
0.114369
0.800555
1.45788
0.574546
0.0632525
3.20298
0.887512
0.492265
1.26213
1.48851
2.73792
0.36728
1.40997
4.07369
0.584637
0.0810231
4.65882
0.505207
2.04707
1.28327
1.46292
0.556543
0.355772
1.86743
0.852031
1.36256
0.309191
0.248383
5.95053
0.163401
0.509606
3.33816
3.06099
8.41219
3.43105
0.0366547
5.06964
3.495
1.34812
0.103466
0.619609
0.785719
3.32742
1.48283
1.08122
2.36915
3.86695
1.53721
0.299918
0.519063
4.98419
5.40674
3.82642
0.955548
0.00325539
3.40835
4.8392
0.167328
0.100369
2.14993
0.786272
0.16157
0.135559
2.45393
1.60086
5.62618
1.86001
1.47256
0.0175748
1.5925
2.41265
3.53432
0.65157
2.63811
0.456281
5.00552
3.80343
0.601326
0.237158
5.90639
1.00104
3.48851
2.75118
0.140634
1.45099
1.92239
0.178799
1.86019
2.55242
0.363347
0.269888
8.2393
2.36747
0.883685
0.995683
3.82963
0.458363
0.692061
1.1954
3.09195
2.2027
0.960975
0.425503
0.401837
0.763041
2.80358
3.35219
0.0277725
0.00451356
0.772042
3.58896
1.21481
0.80397
7.20839
0.611399
0.0576251
0.476211
4.91348
5.34846
6.80349
3.033
2.37596
0.468084
6.08902
0.539493
1.0286
0.853126
2.93704
0.257902
2.47627
0.610144
0.797271
0.0883543
2.78503
1.77264
4.19684
1.87558
2.33913
1.66544
2.59357
2.65107
0.854379
1.29879
0.373
0.262792
1.64276
2.30407
0.165115
1.71888
0.103963
3.53954
0.934371
1.13645
0.590967
2.84691
0.959195
1.57505
0.0123102
1.71347
2.43289
4.42115
1.27231
3.38549
1.51286
1.87816
0.287849
7.74951
0.399827
3.05799
0.0952064
5.55119
1.15263
2.62389
1.12212
1.51517
0.73221
0.378084
0.0313322
1.48481
2.04832
5.81203
0.860519
0.870934
2.1943
1.16538
1.15287
3.14094
0.803045
0.868484
2.23749
0.376462
1.25016
0.156975
0.125982
0.184616
1.12872
0.735
0.634804
0.523749
5.62219
0.537775
2.67538
2.349
0.0928656
8.69305
10.4111
1.2112
2.39366
1.87578
1.19163
1.5073
2.26843
0.0503946
2.28332
1.5792
0.932331
0.263871
1.70108
0.684796
1.18222
5.58431
0.030136
0.596452
0.126403
4.34951
2.04084
6.68825
2.66312
0.899823
3.11667
2.78181
0.668483
3.9025
0.142748
0.102578
0.517638
0.908801
1.18762
1.14173
1.73371
0.848584
0.904434
0.338356
1.34728
5.30486
0.104852
1.52671
0.00678608
0.0787566
6.38548
1.06156
3.35593
0.878932
2.12049
1.37289
2.23883
1.67564
6.35627
2.04851
0.169042
1.50944
2.16821
3.13111
1.76805
2.02253
2.76156
1.45854
1.77482
2.19133
2.47087
0.292044
1.25164
5.59241
2.68321
0.102775
6.37367
5.70292
2.4798
3.31231
0.922387
3.98068
1.26115
1.06388
0.436631
9.34882
1.71118
1.94072
0.518025
0.983381
5.88319
2.47719
4.73229
1.4435
0.210296
0.727902
1.03233
1.03421
2.72068
0.296852
3.60541
4.42001
5.26902
1.70093
0.493248
5.03652
2.42022
0.202551
0.231149
1.84162
1.12111
8.69252
0.284099
2.36901
1.46394
2.24855
0.988945
0.488019
1.62795
3.02573
2.75399
6.12354
1.80947
0.482937
0.314675
2.22214
1.46073
1.57307
0.562414
0.861442
3.40554
0.309031
0.485624
0.0660584
6.99842
2.05785
1.81241
2.99849
2.57539
4.04398
9.46129
0.801416
0.396486
1.1601
1.85914
4.84059
4.68296
0.310251
0.634179
8.5214
0.113402
3.02022
2.39146
1.05486
0.320169
2.46044
2.42919
4.16913
1.53242
8.79667
1.29717
4.83581
0.103673
1.14746
5.05621
2.45517
3.78564
0.0408175
0.647066
0.825526
7.84286
5.84157
1.54729
1.26462
2.57442
2.89502
4.71371
2.50304
4.29473
4.48832
5.23086
1.47188
4.02066
2.75795
1.05584
0.813792
5.49971
1.43263
4.96087
1.94005
5.32085
3.13583
2.17043
3.32234
2.5777
0.546042
0.454643
0.581837
0.0738372
4.69492
1.13818
0.982039
0.765191
0.493807
1.5541
2.9885
1.67378
0.219645
2.39596
2.24646
0.19515
0.402083
2.79907
4.28701
1.15954
0.601858
1.27533
0.083799
1.03394
1.48778
1.85288
3.6443
1.33292
2.40076
4.31787
4.50814
2.36974
0.083562
1.55051
6.09272
5.3728
1.88885
2.79998
1.19501
4.04684
2.58887
0.775072
4.52999
4.32954
4.66767
0.416123
0.359554
4.28119
5.72752
6.03887
1.27369
2.00253
1.11005
1.52068
0.274808
0.966875
0.255689
0.293582
3.27392
1.34009
1.58231
1.99445
3.61533
5.36779
3.82916
1.00701
0.582958
1.28646
1.75123
0.30221
3.22139
0.698162
0.0543236
5.23314
1.15459
5.90001
1.46981
2.30776
0.381414
4.56237
0.657843
0.188134
3.98231
0.0688873
4.82747
1.2686
1.01399
2.72573
5.11725
4.78297
0.256904
2.06458
0.74357
0.207448
1.88689
4.83595
3.77374
1.1644
0.113049
4.7219
1.86118
0.76966
2.63131
2.38657
1.31344
1.74477
0.644402
2.15735
11.9893
0.261854
2.75085
5.0949
1.20925
1.60915
0.251304
0.946004
0.513045
4.06249
1.52857
1.5464
2.53514
2.03364
3.10557
5.64118
2.49976
3.04667
0.236587
5.60554
0.84828
4.81349
0.153709
0.261402
2.86843
1.06509
1.49482
1.1126
4.00165
0.546198
0.92096
0.270965
9.38386
1.14063
0.849553
8.38945
1.10334
0.557643
2.62633
0.422045
9.86828
2.57776
0.39967
1.65885
1.37661
1.0892
0.666758
0.884552
4.32616
2.05126
1.59933
3.09525
1.46581
0.985646
2.52242
1.89217
1.12787
2.51978
10.9502
3.91367
1.61418
1.73182
4.34994
5.6553
1.70845
0.822165
2.52335
2.11875
3.35525
0.698902
0.219401
0.925872
1.91385
2.21233
1.48652
0.669902
1.23968
2.04862
3.95452
0.721995
2.37461
1.72831
1.26679
0.0866749
5.82351
5.68713
0.0686702
0.461725
0.0849619
0.90179
1.20286
1.00852
3.32585
1.77202
1.03258
0.735876
2.84129
4.97095
5.58229
4.41747
2.8802
4.13304
2.60588
0.395244
0.794039
5.37101
4.06533
3.20405
0.799385
0.128051
3.71805
2.42722
0.849969
3.93218
0.586596
0.534602
4.47945
2.14189
1.58458
0.309523
2.28709
2.61121
4.21071
0.359706
1.6468
0.519318
0.362191
0.51026
0.0485899
1.39695
1.29816
0.433521
7.67203
3.21821
0.952532
6.57533
6.59613
0.598076
0.339308
8.05271
0.564036
13.6128
3.34252
0.123101
0.293856
0.656194
0.320103
1.03377
3.61065
0.470437
2.77721
0.0488424
2.26213
0.656911
4.01785
5.51639
1.698
4.00673
2.65125
0.855145
10.2
0.995987
8.36839
0.167958
0.071498
4.72802
1.12979
1.75882
0.745993
1.47132
0.0303736
0.447285
1.11637
0.139625
3.5798
1.15997
2.06158
4.42181
5.24624
5.074
5.18347
2.97085
0.890223
1.33882
3.13586
0.490276
0.333773
0.860218
4.63937
4.02877
0.454882
0.215023
0.122767
0.120329
1.19539
3.43307
6.59276
0.316481
0.246273
1.74628
2.63301
0.568773
0.268536
5.02981
0.827863
0.640631
1.75703
2.6015
0.770777
4.57935
9.35482
5.17667
3.84276
0.555068
0.198655
1.21776
0.00799648
1.14237
10.1918
0.902157
0.804446
2.12231
5.71647
0.590909
1.68008
0.91344
0.417247
0.17201
9.69379
1.59257
0.205559
0.784273
1.01536
0.904835
0.298093
2.0015
1.24988
2.34758
2.39405
0.673695
2.79208
0.102761
0.520015
2.35848
3.31367
1.30157
2.45177
1.39075
2.39869
0.974387
1.12104
0.102981
2.46657
6.32972
0.173617
2.29916
0.471345
0.0694263
0.22159
5.11523
9.15795
0.191448
0.00339611
1.3998
0.229363
0.853124
0.149898
2.69388
1.01772
1.32466
1.9526
7.1014
0.841389
0.82657
1.39842
0.354295
3.82695
1.95405
1.72201
1.90362
0.984559
0.415169
0.456352
2.60017
2.63667
4.85015
1.76013
1.80969
0.384799
1.79081
8.87893
10.024
0.387883
1.36687
4.76242
1.88064
0.0671953
3.78153
6.29446
0.818411
6.78754
0.485098
0.00476413
4.26147
5.24812
4.56482
0.735934
1.36149
0.878366
0.966721
0.362322
1.4251
3.47919
2.45887
3.13479
0.115165
0.828342
4.53366
4.83869
0.142855
6.1773
0.180706
0.196991
1.73514
3.49569
1.05831
3.00612
0.484457
0.0584441
1.5034
0.596218
5.33517
0.572822
2.0718
0.880599
0.47185
3.43573
0.0559202
0.166309
6.08465
5.00577
7.84841
1.11128
2.00109
1.6228
0.824349
4.95048
0.282369
1.53371
0.872316
2.89814
0.669671
4.67174
0.506309
4.63179
0.445698
3.47634
7.58174
2.4421
0.43063
1.5571
0.0805531
0.877425
1.34101
0.849633
0.428308
2.18161
4.19251
0.921276
2.27645
0.486803
1.48273
0.593814
0.080541
0.697756
2.93331
0.834381
0.735961
0.195393
0.00835307
2.45592
1.00384
4.05262
10.99
1.53412
2.03213
0.0906388
5.58211
1.73833
2.67272
2.51631
2.62036
1.08155
0.530212
4.67375
6.02817
3.2594
0.638424
2.12383
2.49789
2.75919
4.90894
0.635229
0.0322552
0.782021
0.275915
0.40047
1.72975
2.84891
0.380832
2.06331
0.797283
0.713365
1.97225
1.24571
0.131405
2.12955
0.000747289
0.307333
4.12376
0.44135
0.967886
11.8695
0.237186
2.70859
0.0345612
0.307723
7.05084
2.13835
0.658994
3.18834
0.933137
2.27367
3.40086
2.41733
3.72959
5.93074
3.19413
0.837948
0.155505
3.87753
3.04506
4.54321
0.655823
0.497291
0.325528
4.89717
13.3219
1.00566
0.211008
2.43874
3.29082
2.13001
1.51323
0.242504
6.15948
0.472082
0.139936
0.714466
0.300282
2.2298
1.24788
3.36748
2.30619
0.11443
7.56763
0.31083
0.146806
3.88195
4.28037
2.55417
0.246067
0.680874
0.973382
4.7786
0.877606
2.58702
2.08398
1.77635
3.16828
1.65467
3.26786
1.74244
0.44022
4.37208
0.990852
0.902693
1.94371
0.306686
2.03338
4.67642
6.59334
0.846962
1.32501
1.60459
0.244598
2.71331
0.818697
0.38212
4.8086
2.5787
2.60772
3.97801
4.13985
4.95894
0.616329
1.74247
0.930974
1.7884
1.77178
5.04943
0.238732
4.10957
0.769544
0.0631365
0.470237
1.00114
1.1239
2.04926
1.47144
0.904387
4.92153
5.36677
0.651942
0.452402
0.262926
0.959963
0.753349
1.19148
2.53112
2.28143
3.95729
0.038627
1.40709
0.696792
1.72596
0.698596
0.847687
0.0693528
2.76186
0.616076
2.31435
1.82871
3.48973
1.55805
1.59835
1.55355
0.96241
0.812908
1.37843
2.0894
1.11688
0.901441
0.885476
0.325785
0.116764
0.31383
3.43302
1.06421
0.272647
0.145848
10.0581
0.395108
2.79771
1.61782
2.43457
0.537222
0.493059
6.65388
1.61051
0.0617455
1.26042
2.34638
0.347059
1.66545
2.9789
1.12089
2.66995
0.417457
1.29191
3.23319
2.58442
0.641881
0.000893668
2.0301
0.0367173
1.20727
2.03309
1.65971
1.17287
2.31867
0.274122
1.17224
2.70819
2.38131
0.77185
2.95544
8.82422
1.12057
6.14521
0.48362
3.79347
5.14999
2.47619
0.83231
0.34903
0.424916
1.81807
4.82749
6.47971
3.28725
1.83486
4.53163
3.61164
1.54281
9.51841
3.23884
0.248278
5.73238
1.41893
2.73111
0.114195
3.24078
2.33429
0.38607
3.08622
3.39256
0.0539851
0.20755
2.41689
0.309243
2.80255
0.787569
1.10681
0.300094
2.53074
0.536241
0.678048
0.438863
0.970218
0.416113
4.43361
0.254869
4.07169
1.9473
3.80664
0.184481
0.384668
1.9244
0.162477
0.161356
4.37577
0.105299
6.86284
2.08866
0.138887
5.64394
3.25428
1.42896
5.655
0.111152
3.17609
0.841955
1.13709
2.1744
4.52191
0.397787
0.888838
4.84989
0.338277
1.19576
0.599695
1.30366
0.134016
0.601894
1.849
5.18715e-05
2.51596
0.0513594
0.2578
3.08657
3.27017
3.73451
5.47729
6.38221
0.317777
6.02818
0.848244
4.33929
1.14324
0.170939
0.746164
0.101885
3.41928
2.47449
0.268005
0.578372
5.79016
0.703
2.26453
1.86388
1.87583
11.6385
0.920989
2.94433
0.773899
1.57428
1.51963
0.473814
0.277828
1.15829
0.926988
2.22052
0.532677
1.1281
2.05634
1.93646
1.5361
2.20829
1.67099
1.693
1.9282
2.46226
0.876217
0.00427606
0.420841
1.88915
1.21624
0.226016
8.16017
7.79955
0.229947
1.27634
1.36844
0.339324
1.05695
4.59975
1.97476
0.815925
0.776816
1.7212
1.27994
1.51521
4.23995
10.6446
5.8736
0.36274
0.910476
1.02298
1.6334
0.711604
0.553396
1.1305
3.77924
0.812168
1.96524
4.62649
8.90454
3.78344
2.56265
1.45712
1.44797
1.62746
1.49084
0.695139
3.01398
2.39038
3.83197
2.30981
5.57795
3.98741
5.69578
1.05
1.13646
3.87906
5.7156
1.56482
3.07331
0.648434
0.151493
0.272256
0.019316
0.327035
2.586
0.111235
2.52188
0.147913
3.90734
1.57132
0.671407
4.84246
0.204451
1.60372
3.98068
5.51558
1.62587
1.62789
3.63078
0.201854
8.89351
4.07988
1.59302
0.330017
1.39495
0.73235
0.246961
0.104694
1.18646
1.83642
3.69299
4.40811
1.21291
1.03725
1.73411
0.0256408
2.12632
0.145553
0.490554
0.701343
4.81564
0.000617621
0.996224
0.126273
1.06546
0.507879
0.403107
0.494293
3.41743
0.0998958
2.55877
1.39976
4.38877
6.12369
0.635636
1.48043
2.03175
1.54438
0.486803
1.21163
0.607434
1.24552
0.296171
4.62917
0.356201
6.57582
3.46895
1.51182
1.38101
2.73595
1.85393
3.47539
3.60603
3.03377
3.20101
0.123429
0.498507
4.59899
1.50972
0.309289
0.190425
0.533078
11.9559
0.353279
2.71209
5.21014
0.0294364
1.4322
0.420801
0.563356
2.25687
3.78654
1.97728
0.272029
0.76044
2.16737
1.66637
7.71024
1.02156
3.46651
2.18547
0.162815
4.38224
1.37106
3.2479
1.66003
2.24814
1.66863
1.61619
5.09736
1.11865
1.19693
9.97991
8.79141
2.55042
3.58577
2.87941
0.651881
0.0922455
0.0871199
0.180021
0.941927
7.12909
0.60038
0.630194
2.92898
5.87089
0.952018
1.97562
0.612042
4.07995
1.73768
8.18111
4.68274
10.0093
4.13986
0.0805472
1.52356
4.30951
0.454342
6.81693
2.77934
0.956999
0.345527
1.7231
0.980176
6.21006
3.24793
1.89584
0.021771
18.6232
2.00273
0.00127259
4.89828
6.67802
0.849388
3.77442
1.85788
2.33438
1.94666
3.46812
6.73291
8.47336
4.67883
1.14322
1.18515
2.20987
0.0251961
0.714155
1.31207
0.800287
1.99882
0.635842
3.60914
3.14615
0.131197
0.89935
2.27923
1.08767
1.24484
0.799683
0.0403865
1.15447
2.82995
6.30827
1.29736
0.548144
1.95713
0.719791
0.12347
0.748989
13.4975
2.07589
4.37148
0.00971735
6.70261
2.90103
0.676611
2.63452
0.317713
2.81679
4.68943
0.927925
0.429992
3.74801
9.3689
1.33881
2.54366
0.534646
1.35595
4.68108
2.22861
2.93827
0.759035
2.60712
3.24911
0.878164
0.700346
1.27664
2.6383
0.476619
0.660831
0.154045
0.0212956
2.06555
2.5107
0.126326
1.04926
0.0383553
2.88058
2.22707
3.78914
0.283458
1.26161
4.73102
0.185456
0.443287
3.44546
0.241179
3.26777
5.3698
1.74175
2.24191
1.60888
3.32261
0.440837
2.72476
3.21735
1.50606
5.91356
2.36655
1.98454
5.30685
0.938989
0.332966
1.62025
0.483402
0.710998
1.22677
2.92025
1.18445
1.6664
1.87665
0.201078
3.31305
5.50221
0.731365
0.197364
2.62691
1.34577
1.18024
0.643576
0.12842
1.90649
0.163355
4.62191
1.26278
0.0814742
1.15873
0.18844
9.04191
0.729978
0.275184
1.04652
0.228865
0.102253
4.63458
0.229838
0.80348
0.0650308
0.855711
5.75491
2.53925
2.4761
6.57328
0.356724
5.48348
0.808427
2.59938
2.90086
3.06262
12.5463
0.286816
3.87183
0.0365072
2.07499
0.721926
1.06519
1.41589
8.0345
3.21761
2.86156
1.77144
0.193221
4.86752
0.598227
0.498538
1.01793
6.8294
2.50877
0.00188235
0.661202
0.272981
2.94803
2.89763
2.12282
1.18418
0.996523
1.49642
7.36592
3.8975
4.2177
0.000125128
1.84056
4.7587
4.69524
1.15682
0.274016
0.809787
4.11866
2.43275
4.36058
0.570532
0.0533093
0.53243
1.26163
4.66272
2.9826
4.91231
4.20116
0.872294
0.885071
2.92529
0.17594
1.67123
1.1043
7.48516
0.569194
1.20338
0.317351
0.155434
2.32848
6.25558
0.903408
2.10242
4.39497
0.131399
7.01029
5.74549
2.05544
0.892936
3.91643
3.27042
1.27394
0.634652
0.67509
1.35677
0.62707
4.01192
1.94663
3.16356
3.6851
5.03608
0.190973
9.12096
0.804699
2.19908
0.239977
1.31614
0.108639
8.93363
4.1372
0.38196
1.72429
0.853156
1.73822
3.26827
2.33212
5.65881
0.372485
1.67197
8.55782
2.28028
1.98457
1.52362
0.782109
1.2964
0.45094
4.72483
2.29627
0.808399
0.644306
1.67162
1.74753
0.0401417
2.44609
3.6529
3.00933
0.203131
1.40541
0.00512234
4.85072
1.13547
0.590491
1.7228
2.64885
1.43338
0.582806
2.12327
2.53654
0.489223
1.85208
1.58954
0.791376
2.18338
2.56299
2.68959
1.05789
2.34889
0.560721
0.244236
1.49015
1.17379
2.53852
1.5421
1.65324
1.96497
1.32829
2.81544
0.864545
5.12393
0.0822888
1.31389
1.34433
1.5771
2.39472
6.34628
5.98113
3.89734
0.21343
5.74914
0.9361
0.278636
1.33135
1.43835
1.47939
0.271369
0.529937
1.6329
4.50286
8.79424
1.621
3.23048
0.412576
6.65528
4.93276
5.2051
3.97776
3.37743
0.159317
2.58037
3.70324
2.15955
2.05973
0.00573866
0.458984
2.48279
0.876782
1.88691
2.04663
2.45463
4.8421
2.89662
0.00267877
3.33942
3.52464
2.50046
8.48743
8.48416
1.22387
1.31342
0.972885
0.717558
3.49042
0.105333
2.97711
0.178328
0.0491765
0.855809
2.29115
0.387783
2.48579
1.35278
1.92479
3.19866
0.0199265
6.77286
1.28544
1.96883
2.12701
1.29841
0.354009
0.718502
3.77819
1.19845
1.08847
0.95018
0.343284
3.56153
2.75835
1.13841
0.0623795
3.93585
1.2017
0.134343
4.14839
0.925319
5.75503
1.74274
0.607782
1.33446
1.17124
3.44866
0.397476
0.139284
4.29592
7.43905
0.158607
0.356367
0.0154723
1.31784
0.512476
1.52753
3.73261
2.4794
3.16408
2.46702
0.313286
1.67376
1.04686
0.731436
2.35057
1.19282
1.75576
0.237155
0.974999
11.5522
0.873547
1.86973
1.52488
0.53286
2.47649
0.738775
0.180806
1.89578
1.01625
0.123889
2.52838
8.46278
0.839075
1.20769
0.961574
0.387062
3.59533
1.08529
1.65384
2.10581
0.965645
0.414109
10.5921
1.35143
5.5586
3.13066
6.98988
4.7334
0.489552
2.45778
2.95207
1.40415
1.03607
0.241453
0.0978485
1.43005
1.41097
3.61921
0.956278
0.413744
0.372392
10.0614
4.65159
0.352224
1.54047
1.67275
1.70802
0.650902
0.306998
2.55856
8.33919
2.00748
0.760236
1.92297
1.09378
5.6968
0.256988
1.31462
0.563094
1.30962
3.38674
6.45631
2.07338
1.78395
0.187687
0.150438
2.09089
1.19299
1.04818
4.66905
0.651264
0.0184639
2.52091
2.56237
2.03754
2.23931
2.72517
2.83194
2.33291
0.2868
3.06222
1.90557
1.84898
2.23058
3.39903
0.793012
1.98639
1.27402
0.307076
3.71882
0.243228
0.220355
4.12209
3.60273
1.8781
8.12254
5.42953
1.24602
1.28086
8.18136
0.424475
2.47587
2.00987
13.3702
1.5467
0.948024
0.0879025
1.4489
2.19439
3.56513
0.295666
1.58319
4.49025
0.896754
2.8203
2.44355
2.28084
0.40798
0.901071
8.63135
2.02703
5.28495
2.15303
1.94742
3.0939
6.40458
2.64316
1.38501
1.04368
4.45052
1.72505
0.546351
0.488355
0.262465
3.79293
3.71871
0.274723
0.473286
0.652285
2.73576
7.55805
2.95226
7.51358
0.960068
3.44152
2.52342
1.97082
1.30672
0.183525
1.50888
1.03381
5.12989
2.91984
1.91429
3.61544
3.96051
2.80588
3.26781
2.80988
0.419828
4.0147
2.73421
3.7162
0.367279
0.910703
1.05262
8.07827
0.0530555
4.4756
2.18898
1.21995
3.65965
3.0048
0.335174
2.61257
6.99098
0.781921
0.0755505
0.66999
0.807543
4.36375
0.361949
1.85766
1.71025
3.43511
1.5811
0.944537
1.2862
0.640963
1.13959
6.7414
0.0623548
0.521881
1.17778
2.96193
0.649256
1.27142
7.26033
6.30223
0.33594
1.94507
0.269262
5.08507
0.0477485
1.81085
1.63956
0.0140361
7.12385
0.409137
1.35179
2.12526
0.387078
3.32735
6.66936
0.390837
6.69157
0.59339
1.53182
1.57623
1.87527
0.0748439
2.8
4.27101
0.942649
6.71646
6.08314
2.19912
0.716704
0.694872
4.36737
2.13819
2.70972
2.42823
0.00513398
6.0266
0.640323
0.349784
1.15348
0.105526
4.61846
12.7319
1.7198
0.369875
6.40648
0.0117258
8.4368
1.80016
3.69293
1.25141
12.0702
3.72782
0.550462
3.19637
1.72098
1.17505
0.0230563
2.9585
0.621772
1.81833
2.19364
0.92323
0.393264
0.0211028
0.327237
2.51954
0.742142
0.735816
0.13786
2.89392
4.80892
10.1814
1.20062
2.59081
3.49772
3.38854
2.7527
6.6766
3.16999
1.16798
0.500008
0.135093
1.1541
1.63026
1.93026
2.58801
0.0173134
1.10934
3.75103
0.436229
0.0570463
1.82094
0.0229258
1.25523
4.1952
3.0302
0.192512
3.82607
4.29313
3.79431
0.159487
7.78256
0.584732
6.08634
3.48479
0.778015
0.204029
1.91337
6.35961
0.958059
0.180928
6.58139
0.138142
5.67398
2.59424
14.3111
1.47328
0.324482
1.84848
4.92286
1.77733
1.93387
0.320816
2.37787
0.990062
0.181213
0.0940012
4.28306
0.0453428
5.28143
1.53853
0.159585
0.235216
1.80076
2.03763
0.280034
3.72294
1.07364
0.15509
0.507294
0.162189
4.72767
0.644593
1.86705
1.16617
3.40612
0.389349
0.731386
1.64514
7.79597
0.35264
0.131512
3.52821
6.33278
2.62521
3.60063
3.82367
1.93974
1.05938
2.49644
1.38264
3.04931
0.399745
0.652145
0.466861
1.59915
8.90522
8.72637
1.05417
0.140781
1.07939
1.31844
1.00801
1.14201
4.07372
0.19212
0.24111
0.78092
1.47966
1.70987
1.22291
1.8575
1.44129
1.9449
1.43257
0.300585
3.54977
0.392949
2.31566
2.45227
1.2974
1.98839
1.31038
2.48114
1.78031
0.939224
1.98788
0.0783802
0.157366
1.03385
2.64748
0.893981
2.60143
1.86671
7.45464
1.02652
2.7261
0.398036
1.32208
1.72952
1.63502
0.712405
0.0695514
0.254445
1.34521
1.72186
4.47123
3.00641
2.88033
0.422256
13.4697
0.116206
4.53528
7.03943
3.61721
6.42203
1.13734
0.536258
3.45972
2.59378
0.00773319
0.900982
2.51845
0.818858
0.48125
2.73684
2.31342
2.10712
1.43333
0.754278
1.22994
1.3937
6.18116
0.343972
2.79316
1.07284
0.502619
5.27232
3.50091
2.31693
0.237716
1.23787
2.2901
1.03205
3.90381
0.141308
0.820522
4.1002
8.31126
1.09217
2.92111
0.366504
0.176962
1.93651
3.95065
1.69874
2.24162
2.01802
0.175614
0.119418
1.44709
3.68749
0.86639
0.9434
1.06703
0.339234
0.00674405
1.11012
11.0107
1.4126
2.83149
0.993655
1.80022
3.2336
0.883031
4.09445
2.04947
0.00332517
0.0335492
0.799719
1.21085
0.223509
1.50176
1.7664
1.54714
3.08826
0.0920527
3.3888
0.0346361
3.50211
0.564959
0.196914
1.18653
2.46733
0.207223
6.19301
0.283349
1.83347
1.7915
1.33644
3.11319
4.10514
0.407839
0.69422
1.86714
1.12551
1.69335
3.55454
2.93111
1.53186
0.35453
3.90343
4.60044
4.81056
0.857747
0.723633
2.95091
2.31065
1.65918
0.0952586
0.674257
1.46307
5.58612
7.44097
3.558
2.76794
1.27173
2.95071
0.919829
8.35291
2.92082
0.268896
1.98332
0.132745
0.259199
1.45954
2.35759
1.37856
3.88168
0.32021
0.279522
1.5061
0.884226
3.68757
1.49047
1.11304
1.6887
0.936053
2.47968
0.648753
1.6903
1.97995
0.868663
1.18863
1.33673
0.740851
6.61595
2.46693
0.912572
0.644819
0.165824
4.06391
4.58977
0.84909
0.29244
4.45929
0.437152
4.97506
4.04977
0.0612488
3.25331
6.57083
5.43608
3.05866
0.939028
1.25989
1.60933
1.01963
0.345623
1.07945
2.71131
0.839451
0.275389
3.86279
0.011832
3.35104
2.02424
2.22266
0.660197
2.56949
1.43603
1.0092
3.59945
2.85135
1.65212
0.528608
10.9338
1.24415
0.803984
0.745646
1.38061
2.07246
0.721715
7.4174
0.0396407
0.323941
0.426445
1.69629
0.13031
0.397449
0.13759
1.829
0.288711
1.40844
0.309026
2.66974
1.27
1.78843
0.574254
2.42914
1.37147
0.204708
2.67994
0.239716
0.765796
0.32491
2.19962
1.06648
1.39237
1.16736
5.74577
2.57688
1.07325
3.71937
0.419091
0.352317
0.0058539
2.46633
1.39649
1.25764
1.21602
0.784358
0.61986
2.17121
2.99289
9.84631
0.759218
2.77431
2.40704
1.31021
3.9222
1.97369
0.911242
1.55923
6.02421
2.18675
1.75652
11.0275
0.244446
0.291962
0.576136
0.495701
5.86535
0.588889
10.972
1.24758
1.84064
2.78383
0.713376
4.59107
4.84258
0.344932
6.1103
1.96913
3.61079
0.325835
3.25342
4.70092
4.63765
0.459182
3.41863
0.303318
1.8684
1.36741
3.12446
2.95061
0.421511
3.01674
0.845637
8.54921
1.27869
0.291813
0.362441
0.450129
3.86341
1.6074
3.59566
1.18266
2.27003
2.58883
1.85766
2.30486
0.217937
0.676952
0.144659
1.16977
4.48393
2.53067
0.598796
4.08614
4.70618
0.94894
5.40324
1.14688
9.66256
5.24563
1.00126
2.91011
0.365438
5.97494
2.54224
0.931965
1.06275
0.311667
2.31281
0.262061
6.7619
5.67644
0.661516
0.400435
1.22917
7.71094
0.571773
1.54302
0.689394
4.35326
1.93611
0.267514
1.72317
2.2467
0.973518
6.39297
0.422185
0.00241023
1.52148
7.31263
0.3699
0.642287
1.41217
0.910726
0.426691
1.74901
1.85149
2.94591
1.92639
4.00106
1.5762
0.800498
0.937808
0.23307
0.74644
3.8632
3.20192
0.491322
5.08874
2.1162
0.876487
0.944261
1.13824
0.0240659
0.29723
0.444579
3.78619
0.047482
0.0807149
3.68837
3.20487
1.92619
2.0891
0.979394
3.6396
2.73369
0.796167
1.31373
1.19391
2.28259
1.84315
2.36984
5.64322
1.69685
1.68606
1.94162
1.71327
0.990077
1.70596
1.61699
0.739786
1.39921
1.7723
6.85572
0.385628
1.32241
4.31273
2.12069
0.116885
1.35148
0.125454
0.511052
7.3008
0.751755
4.53538
1.08138
2.23241
1.31694
0.284679
0.428404
3.74497
3.51577
0.865293
1.73893
0.258105
3.88115
7.07819
1.33924
1.33985
0.332336
1.54477
0.276551
2.12133
0.01446
2.0012
0.713189
3.03513
0.856898
0.869052
2.16322
0.327999
1.06367
0.237351
1.0143
7.66136
1.04103
0.608036
2.45856
4.79114
3.96503
1.06611
1.13977
1.41224
3.12723
3.78312
4.45644
1.79955e-06
1.26856
0.336583
1.38732
0.369871
0.499528
6.70383
0.22866
0.366272
0.171431
1.30792
0.413248
2.3089
1.32276
0.545068
0.588025
0.488546
0.462565
0.289684
2.73117
2.76656
0.31323
1.09217
0.232954
0.846789
9.44242
0.203904
3.49759
0.770225
3.88702
2.20717
5.30837
0.877295
0.0823324
8.50735
1.80521
0.330836
1.20799
0.226634
0.214727
0.529526
1.32643
5.27738
4.70237
0.802501
5.1506
2.77443
2.2626
0.979077
0.50412
12.4981
6.26291
5.24425
0.20995
0.558983
0.324985
0.616167
19.2609
1.72785
2.01896
5.87423
0.160219
0.382318
0.0273036
0.750648
0.307412
1.24424
3.44673
2.81047
1.38886
1.09988
5.33316
1.62817
1.07269
0.0879728
0.290454
0.223257
0.18437
2.17228
1.64905
5.45364
4.53395
0.0452786
3.21254
0.877805
3.03963
1.05306
1.92681
2.09455
0.805159
0.0602896
3.29874
4.38935
6.89876
0.537324
0.708957
3.40611
1.7837
0.752752
0.167424
0.993586
0.990745
0.0875123
0.328154
0.622639
6.7522
0.173293
0.388109
4.19973
2.74206
0.362133
0.863983
0.829943
1.38732
0.832563
3.86657
0.375226
2.29743
0.380284
0.842914
1.49567
0.737033
7.2699
0.488591
6.66491
1.09399
1.00535
1.912
0.751425
2.63673
0.183043
0.30334
0.758446
2.28976
0.989839
1.2189
1.67145
1.43364
0.332012
1.34495
0.22923
3.65935
10.1677
2.42273
2.06247
2.69377
2.41674
0.298966
0.384561
2.11078
2.0286
1.60847
2.64343
3.65927
0.660837
1.06789
2.05126
1.07203
1.57899
2.93685
2.93744
2.38489
3.06747
0.503279
11.9257
3.25469
0.194356
3.4987
2.7555
1.03952
1.47504
12.2563
1.68663
1.00225
0.115975
3.34725
2.38636
0.0457688
1.78155
1.00201
4.35462
2.39329
0.346988
3.37047
0.663752
0.695322
7.12161
0.571223
0.476631
0.34216
5.40621
1.7605
1.09304
0.460205
6.29949
4.19861
1.29335
0.419475
0.000615085
0.541695
1.59524
0.920507
0.550045
3.09283
0.126964
2.76347
0.4785
2.06561
1.43856
0.322508
4.37713
2.8651
0.0419154
2.68358
2.24957
1.10907
0.888436
1.87998
0.28254
2.32782
3.80053
0.165188
3.38338
1.9305
3.10064
2.76927
2.4632
4.27286
0.310382
0.488448
1.33879
1.77072
2.54516
1.16384
0.672403
0.621996
0.16488
3.48057
0.297038
0.219269
2.62153
0.487412
3.03738
0.699703
2.21477
2.71836
0.178438
1.00384
2.62487
0.660605
2.02982
3.21989
2.89062
0.301636
6.49224
1.82011
0.466538
4.68865
8.16745
1.91327
0.97428
0.248693
0.280173
9.1561
1.93471
0.179387
2.1079
2.87917
0.0241733
0.636618
3.9005
12.8306
1.75684
0.52777
2.63341
1.32069
0.145623
0.910092
0.725811
1.35481
3.42522
10.8511
0.168202
0.393914
0.0509067
0.985375
9.5738
3.21654
13.2429
0.172094
0.236899
3.18402
0.632502
4.89182
1.24364
1.66262
6.99451
2.93505
2.98947
0.758429
0.858679
2.33957
1.09999
1.03696
1.51185
1.48761
1.44478
0.788892
1.23959
2.97051
0.197807
2.41772
0.952291
0.847386
14.7408
1.01632
1.78375
0.121291
1.81519
0.247499
5.05202
8.40042
3.76664
0.11018
0.109383
3.82278
1.91132
0.426642
3.37521
0.127131
0.739066
0.952061
0.633973
2.86272
1.52166
0.471986
6.48216
1.85434
3.50326
3.05537
0.728641
0.337903
0.266843
2.50276
2.20043
0.0440283
2.17313
5.04889
1.36025
0.0269672
0.242773
0.0455294
2.00717
0.0472104
3.48066
3.97386
1.11141
2.52554
1.80316
2.35662
2.31518
1.20092
1.37026
3.54305
0.387068
0.494509
0.683337
0.702449
5.71756
1.18766
1.29286
1.43372
4.35502
0.488573
1.13777
0.190204
1.68155
7.88997
1.90112
0.319248
0.088761
5.12548
2.06248
2.2495
2.86259
0.661462
1.6028
1.99976
5.92486
0.531156
2.77606
3.52551
2.00983
0.296218
2.63331
2.60362
2.77006
0.557674
0.666578
2.15635
1.55491
1.43192
0.256794
2.85646
1.33858
3.01747
4.63654
0.706569
1.04545
1.30761
2.49327
1.2362
2.17401
3.62175
2.50785
0.397724
0.570352
2.08241
8.06286
5.86612
3.70018
0.865265
1.70464
2.7335
4.99147
2.18298
0.000454584
4.56797
5.3364
2.46706
1.96148
0.343501
4.84659
1.2974
0.93581
0.848675
2.83646
0.325778
0.869647
0.765835
5.77021
5.13631
0.106634
3.26541
0.782921
0.693225
2.4732
0.823547
0.890987
1.48859
1.03767
0.482315
0.587202
0.083746
2.30376
0.350879
1.75234
0.531626
7.8094
0.119785
2.91917
0.563587
0.294932
10.9805
0.608716
0.645741
1.02554
4.00202
0.389708
1.60052
2.61855
0.877144
1.34849
0.422532
1.90708
1.23274
5.92598
2.04523
0.735382
1.97359
0.178169
3.95223
2.01647
0.356582
0.888669
0.586701
2.33109
3.42104
4.84341
7.59097
1.3288
4.27531
2.71602
2.07155
0.655033
6.26025
2.68405
6.62404
0.58663
0.579232
2.37062
0.0768711
1.67289
3.63972
1.65205
2.34208
4.58434
1.47301
7.54036
0.390541
2.33987
6.23156
0.165841
0.602387
5.5973
0.350303
2.30059
3.41038
0.131791
0.86704
0.694604
1.2304
1.67558
4.25572
1.22318
0.694418
0.255934
0.0180263
1.17448
3.9877
4.5852
2.58402
1.65312
4.80974
0.542593
0.897413
0.196204
6.18088
1.28895
2.27318
1.4684
0.139614
1.06072
1.79632
0.218801
2.50362
0.770518
0.811058
0.554207
0.15764
0.249319
2.03412
2.74971
4.27493
0.968121
3.48152
1.66275
1.62854
0.637619
1.80522
3.14365
2.74562
0.847533
3.15297
1.3871
0.862148
0.0867819
0.360657
1.42491
9.72932
0.809629
1.29973
4.17035
3.16987
1.16684
0.880725
3.63225
0.815661
0.179712
3.84683
0.44712
1.28094
1.18707
1.9142
2.98633
2.08402
0.169806
7.03653
8.74596
0.104696
1.95681
0.89649
2.08159
3.14438
0.229865
1.86503
1.42872
0.71863
0.191831
7.05109
2.16968
6.58626
0.234115
10.0858
0.780645
2.12318
0.371557
2.32144
0.183779
3.62606
0.299125
0.40148
4.99531
0.176933
1.06925
1.73612
0.733254
11.0343
1.82933
0.659366
0.185102
15.3751
0.513391
2.03803
2.85187
3.13791
0.848059
3.4154
0.71867
0.563652
2.90915
1.47447
0.599122
1.93114
2.17112
2.04017
7.59842
3.0993
0.640988
1.26506
0.840098
4.83504
1.0214
0.292394
0.716068
1.11024
0.00364285
0.458208
0.351301
3.60198
3.27292
0.212174
4.6839
2.14761
0.374211
0.278324
6.75256
4.26248
1.09971
0.753877
0.529739
1.10439
1.17493
5.16892
0.887403
6.65465
2.57898
0.0235802
1.45069
5.46174
1.57725
0.556137
0.141498
2.25518
1.34757
0.890586
0.465637
0.130679
0.827496
4.8682
2.87106
4.30579
0.291892
1.24815
1.43457
0.727001
2.7756
3.44761
1.41205
1.53445
0.522867
1.64178
1.23438
0.210205
2.55553
2.8578
1.26345
0.676907
0.177005
0.719466
3.53645
1.56022
1.60164
3.12342
1.11974
2.22281
2.39165
0.657678
1.88192
0.806898
0.0404435
0.795702
4.05439
3.46752
0.247731
2.9217
4.01093
3.08767
1.69517
0.905016
1.96118
0.0371809
1.98624
1.85875
3.34324
8.73646
0.899044
0.214247
0.913286
0.288022
0.0997671
0.0360602
10.6366
0.461258
4.27699
2.79564
3.44854
0.36748
0.228823
2.03478
4.52838
1.03702
1.62703
0.8482
2.68616
2.19389
4.97734
9.38828
1.81654
0.361065
1.4871
1.78734
1.7195
1.09365
1.57474
1.25569
1.10242
0.368206
2.42544
2.47823
1.41392
1.4908
0.899949
7.30016
0.654268
1.68223
1.1642
0.84188
6.30295
1.36552
0.61795
0.16459
0.0864824
3.76537
1.34385
4.91676
2.28762
0.72569
4.55743
0.0824885
2.32296
0.225855
2.21412
3.71356
0.812007
6.81328
1.24134
0.202879
4.8927
0.0693389
0.213474
0.0918142
0.190405
1.82066
0.345626
1.33099
2.10186
3.48325
0.185094
0.232461
0.331115
6.08884
1.69855
5.34986
2.11081
0.614726
2.39081
0.345438
1.08394
2.05273
0.510786
2.25718
7.6579
6.64563
6.73791
1.99111
0.139408
1.63113
4.06168
0.955423
0.185062
2.51473
3.65282
0.372607
1.22202
0.946187
0.775265
3.81097
0.417152
0.238859
0.0477285
2.96389
1.97685
0.917571
0.423594
3.58434
10.1844
2.56133
0.676265
1.08572
5.09608
1.88068
0.327838
0.127713
1.53727
0.266375
0.310642
1.9416
0.435676
1.14102
0.343097
3.41462
2.05277
2.92156
1.1653
1.10472
1.31501
0.796938
11.0083
1.83609
1.24644
2.13163
0.852245
2.40722
0.507824
1.37083
2.42369
1.35743
3.67128
0.619901
18.9212
3.09526
3.50224
1.93655
0.232984
0.5048
0.20385
7.97294
4.41987
2.80114
6.86173
0.655913
9.86332
3.58392
0.688343
4.59001
3.77118
2.91153
2.79162
0.840721
2.6064
0.604039
0.195548
2.29685
0.799705
4.33948
1.03452
1.6252
0.140419
1.22187
4.08917
3.35866
2.06931
0.98966
1.72603
0.31838
1.21308
6.2175
0.198312
2.31931
0.151949
0.0512552
4.22035
0.607038
2.47625
0.363111
1.75719
1.81333
2.35827
0.562576
2.62165
0.37389
1.26025
0.00481652
5.08247
4.15591
0.00254299
0.130714
0.624579
2.54777
0.514334
0.939387
4.36365
0.315454
0.755888
2.19559
6.85738
0.720372
0.590285
0.850381
1.90734
2.40455
1.50184
1.43515
1.6869
1.75608
8.13366
1.62137
4.80698
0.626239
2.25726
0.697582
5.57344
0.715903
0.561423
1.49926
0.209752
2.92284
3.94998
0.0793599
3.7252
0.116859
1.24094
0.254674
2.39277
2.624
3.54937
0.274058
0.516769
1.43118
2.07026
0.118837
3.49813
1.80126
4.22976
3.02558
3.44198
6.02022
3.09169
2.76546
0.275226
0.326993
1.16075
3.03068
0.0456746
0.323029
0.34288
4.15102
1.92156
7.52824
1.3414
4.38112
2.89709
2.13298
6.19262
0.109852
0.754639
5.14168
1.20725
0.354326
7.99807
1.968
2.42962
0.634172
0.327266
0.0629143
0.718882
2.08249
5.12378
0.301277
3.23252
0.286371
6.33023
0.271037
3.49378
0.286553
2.32474
0.513474
1.18901
1.75603
0.448299
0.575284
1.89858
5.50264
0.227458
2.87999
5.08329
0.290701
3.90706
1.18276
1.43091
1.07764
0.75712
5.00162
1.32044
9.2474
1.07694
0.492871
0.638951
1.47888
2.26818
1.68337
0.671603
0.21809
2.1488
1.56095
5.95756
1.09321
1.91406
4.40147
3.0141
1.64216
0.360531
0.766489
0.0493333
0.203808
0.966869
3.79799
1.51903
0.59283
0.581565
0.817134
5.26768
0.631793
3.26581
0.0572523
2.33
0.653885
1.7548
0.676728
4.48354
1.32798
1.12616
4.35615
0.637416
0.736776
5.55936
1.95586
6.14248
2.74633
0.0814017
0.0668975
0.270893
8.86611
3.80299
0.95326
1.38216
0.674433
1.16119
8.85166
0.184631
1.82711
1.59546
0.115941
1.51643
6.79392
4.49738
1.36162
1.47453
0.380204
0.893987
2.1935
0.113504
0.267374
3.17219
1.00389
2.9093
0.271485
1.28253
3.29484
1.00614
1.87509
1.36568
0.996992
0.557927
1.29615
0.687303
2.50984
3.67612
3.42968
0.55109
2.38443
3.76582
0.535611
3.71502
1.72119
0.253001
0.143028
0.491342
4.40264
0.928031
1.80178
2.61485
0.0122103
0.680042
0.666664
0.154947
1.47978
0.82977
3.57482
1.47976
1.32944
1.92307
3.70482
3.14086
0.578593
1.93661
2.07867
1.48424
1.12532
2.80163
1.75047
3.70644
4.09759
0.791831
0.566675
0.71492
0.29701
0.788573
0.35977
1.14364
0.840504
8.60267
0.743196
0.205381
2.75751
2.23635
2.66209
2.48266
4.19928
1.83772
1.54907
3.09095
0.598697
0.933958
2.08978
3.57658
0.417836
1.65397
1.39447
6.55702
10.0561
0.86359
0.62966
0.766805
0.0795171
4.28826
0.498428
3.53995
2.36923
3.33559
0.972667
0.132359
5.05242
2.89223
2.19797
2.90153
1.23327
0.666413
1.30195
8.89493
1.71923
0.208324
6.36975
0.333704
0.772064
0.136618
4.04253
0.959737
1.81864
1.43956
3.11482
0.937574
2.24573
0.360912
1.35615
0.963428
0.115738
1.46843
4.05279
1.01235
2.36726e-05
0.251687
3.01981
1.23374
0.315933
3.5926
8.09363
1.6335
2.25017
2.6728
0.556312
1.43979
3.00721
0.142608
0.0468507
0.263517
5.88549
0.225872
0.163214
3.28258
2.98997
2.86428
1.21764
3.37521
0.299431
1.59843
2.00077
0.184928
3.39059
1.37236
6.18662
1.72536
0.892999
3.75393
3.09987
1.42316
1.88798
3.63275
5.01947
0.923047
4.33647
0.550786
0.302614
0.520925
0.84634
1.96189
0.000336028
0.51601
0.463136
1.71181
5.23172
0.454799
2.56338
0.638876
2.75516
0.737114
2.83187
1.86477
0.0110862
1.09817
0.472181
4.70863
3.51976
3.46449
1.12327
3.05197
0.861018
0.201568
1.96004
2.53174
0.992743
1.74538
1.56786
1.12489
1.71123
2.71696
1.20365
0.0528148
2.74112
3.19344
2.12224
0.650256
9.91232
2.40506
0.356611
1.03719
2.70376
1.35649
2.22773
0.700693
3.11354
0.756972
0.188858
0.0710972
1.13193
0.812491
1.77377
1.01822
4.31098
1.87545
0.76263
2.43837
1.45901
0.453355
0.282749
2.13785
2.91137
2.10053
2.20594
0.233877
4.36835
1.01139
0.0574909
0.656584
7.29832
5.26491
0.7245
0.454267
0.739653
0.494789
0.886903
2.70999
1.16882
2.5415
1.01239
4.21273
0.0171958
0.556342
0.861109
0.409832
2.34969
3.84388
4.84958
2.47203
1.38562
3.1719
0.531078
2.12878
1.61705
0.0595857
0.899437
1.07126
0.763926
3.29822
1.73197
0.124147
0.427311
0.970268
0.508839
1.21018
2.07698
5.98941
2.97203
6.41637
3.69476
8.47114
0.980678
0.960571
1.39536
0.934508
4.98996
4.72774
1.55539
0.426825
1.58237
2.40931
0.542514
2.90921
1.25867
1.40555
5.7128
1.48136
3.12926
3.27688
3.27806
0.404334
4.08231
1.18091
0.0980362
0.714444
2.39809
0.745384
0.813706
0.379558
0.0483024
0.163751
0.909001
3.59771
0.667449
3.61149
1.92882
3.49333
0.511806
1.42221
5.09876
3.48984
4.54812
3.83378
0.549299
2.38743
6.11234
0.93312
0.129665
9.21679
1.62685
0.00448357
0.533737
4.57655
3.06855
5.11177
0.173575
1.50985
3.89567
1.61044
0.408078
1.08013
0.338231
4.26774
0.553206
0.761894
1.22921
2.61906
0.722709
1.51332
0.494066
1.77005
0.166262
4.05987
0.689718
4.86816
0.825844
3.75308
3.64145
3.87488
0.469387
4.10151
0.652879
0.239103
2.53986
0.330531
0.66198
1.83612
0.792627
0.270821
5.75553
2.30765
0.133388
0.303986
2.05135
0.233551
0.403769
3.06104
2.15947
3.6656
1.46245
5.47337
0.456916
8.37257
0.263381
1.24863
6.37742
2.13226
1.81851
0.280182
0.443644
4.28258
3.95698
6.26292
0.33713
0.391333
0.570586
0.330441
0.740612
3.70495
0.96906
1.62896
0.191776
1.01633
1.97289
0.256263
0.157579
3.03834
0.293461
9.90129
0.0468763
5.22342
1.19156
0.371071
0.666851
0.0273813
1.47125
2.52969
3.69751
0.971719
2.60756
0.172491
0.403651
0.725147
9.12324
1.60167
5.05729
0.107233
2.22235
4.40928
4.24938
3.29939
3.90521
0.811104
9.51593
0.0563088
7.52771
2.23137
0.0472179
3.92615
1.8048
0.990438
2.96177
0.972193
4.99151
0.333204
2.65433
1.81736
6.22607
4.39083
2.39232
0.20511
6.47556
0.735009
1.9548
0.100582
0.478613
1.24058
1.61849
5.67691
1.30891
0.942463
3.49849
3.24858
0.374784
2.18075
13.0287
3.00639
9.42197
0.337283
0.42978
2.36748
1.72733
4.51747
0.427731
0.113955
1.38224
2.61
1.568
2.44573
2.60887
0.834433
1.3094
4.6692
3.89391
0.337162
2.71282
0.239986
2.78873
0.0284757
0.911793
7.21233
10.9512
0.373551
1.83276
1.82483
3.2807
0.41411
0.564041
2.09535
0.361079
3.54862
1.53955
0.390992
1.02928
2.06228
0.17012
0.722215
0.258383
7.12291
4.92477
0.252217
0.540901
2.4125
1.97761
1.98765
2.55974
2.44335
1.11233
4.5525
0.336688
3.24505
3.17119
0.0163487
0.835713
3.25941
0.534665
0.540131
0.415756
3.13802
1.15347
2.82874
0.304164
1.09958
3.79424
4.04991
0.226148
3.52804
1.61783
1.14412
2.02869
0.211027
1.33628
6.2369
1.45761
1.80161
1.46478
0.571108
3.62112
3.10629
1.4223
0.118124
0.666886
0.315363
1.80474
1.02262
0.760912
2.30344
4.26402
0.531025
1.24744
0.0127187
8.20138e-06
0.393793
1.16867
1.69423
1.76447
3.80239
8.83753
0.991586
0.165943
0.0808115
0.29443
2.27725
12.6148
6.50607
1.02183
1.72992
7.52847
0.929929
0.483017
1.70795
1.39005
0.0742886
1.01157
2.04032
0.615429
3.80718
3.09434
1.75228
3.01544
1.01366
0.898068
1.32341
3.31713
0.148912
2.41813
1.78321
0.358168
0.466048
7.12292
4.07616
3.55984
0.0527425
0.783846
0.986211
0.498986
1.9238
4.82629
0.708871
3.19813
3.21747
1.09167
6.46803
1.40899
0.411044
2.45936
4.39416
2.20991
1.32111
5.03183
8.24649
5.47739
0.102079
0.471237
0.305971
0.278103
4.14288
0.408763
1.32766
6.54689
7.01667
1.67865
0.685164
0.381217
0.821371
1.09062
0.670089
0.257026
0.9698
2.93904
0.0992012
1.12721
0.0993386
3.94172
0.531779
4.17768
3.03029
0.713002
0.51043
1.08638
1.15721
0.72092
1.20658
2.57753
0.488928
1.19108
0.941444
0.587158
0.362914
1.0951
1.66401
0.268345
0.420484
1.3046
3.76956
1.24025
4.34797
6.75097
5.50982
0.0299465
0.434629
1.79734
1.09463
3.91663
1.73474
0.881272
1.44006
0.382614
4.25404
0.420267
4.62545
0.229696
0.0980924
2.1816
1.60597
0.150298
0.845654
1.30857
8.36209
2.43147
3.13782
0.144895
0.998726
3.01154
1.62954
1.70164
0.563296
0.0950646
0.0219451
0.84082
2.67622
2.44538
0.0551358
0.607726
2.48907
10.2483
0.308521
6.50041
1.65624
0.650991
3.16203
0.119715
0.467774
4.98341
1.20875
0.695151
0.416438
4.68444
4.41836
2.28879
1.81402
1.51308
2.32239
1.41886
1.4517
0.168511
0.538634
0.280753
1.99199
3.39914
0.144025
1.20126
0.591439
1.11765
2.61114
6.51675
0.153401
4.66068
3.91433
2.3017
0.793394
0.596234
0.462133
4.43822
1.55637
1.77692
1.59787
1.57409
1.50001
3.29577
0.484466
0.258002
3.77264
1.62605
1.31425
1.22852
2.35517
0.91016
1.01405
0.0624307
0.592637
1.5202
1.33907
1.78816
6.59175
1.44775
0.487592
0.379792
2.91487
0.1966
3.33347
2.44032
0.853154
1.73076
0.160584
1.93173
0.758698
0.813712
5.5453
4.0636
0.365614
1.05422
0.8664
4.52704
2.77632
0.330553
4.53684
1.4115
8.88723
0.0146907
0.155299
2.32053
0.865084
0.121818
1.1268
0.645828
1.25236
0.368089
2.91022
8.2854
6.89413
2.96067
1.27651
2.07765
0.281998
3.24282
4.49561
0.433651
1.0585
4.3109
0.235014
1.79065
1.0105
1.05492
1.61462
1.55922
2.8638
0.847295
4.7046
0.0886305
1.80394
2.20095
1.26288
0.858998
0.360368
7.04919
0.701266
6.72594
0.000101283
1.12248
2.94691
4.57409
1.96686
1.79371
1.57626
1.70985
1.08139
2.88662
4.69575
1.91583
0.363158
3.59804
6.71348
1.41447
2.34731
1.89123
1.89681
1.43651
5.66862
1.38314
3.67848
4.07268
1.63149
3.60291
1.56143
5.27756
0.873482
0.645753
0.883438
1.60875
3.12523
0.0122163
0.863476
1.47289
1.5186
2.72833
0.502192
2.46069
1.17628
2.08383
2.01285
2.63023
1.00208
1.75235
0.276302
1.35742
6.03702
0.853926
2.5672
2.51431
0.886945
0.168503
0.625677
0.40089
4.72644
2.3615
0.18963
0.60205
2.70112
3.57533
1.60721
1.14039
0.0726163
0.0505244
0.617125
1.19642
2.29543
0.253222
1.59766
0.110209
2.97937
1.4827
1.58768
0.61401
2.19466
5.96149
5.45623
1.82552
0.0229215
5.4341
2.36331
2.43607
4.31229
1.92364
0.311049
0.00217749
5.615
2.06998
0.04513
5.22481
4.0058
0.458691
1.02186
1.4855
3.32992
0.556585
2.20382
2.2614
0.0757523
0.435419
0.634596
3.41992
0.165856
0.990472
3.16521
1.56099
1.06454
2.16919
3.59855
0.897021
6.85898
3.62624
4.21428
0.710829
0.125092
1.21777
0.32748
2.11446
8.20898
0.955561
2.12716
4.85515
3.96677
1.86384
3.61513
1.05256
2.79698
0.426815
0.46094
0.718416
1.66536
3.56557
0.353854
0.0969083
0.297952
2.28209
0.494711
4.94578
0.498033
0.129518
7.01289
0.0171941
0.695784
0.972668
0.644646
0.960643
0.419278
1.85037
0.443668
0.928312
3.00955
0.443825
5.93685
2.84849
2.9467
2.66106
3.20887
1.27718
0.0286455
1.19942
2.90348
2.92208
0.536757
3.9399
1.43898
1.59437
1.74742
0.644703
0.996314
4.84174
1.49355
1.93417
1.95684
5.6211
9.1852
0.809262
3.08779
1.3939
0.189967
2.39089
2.70127
0.79674
5.77197
9.94302
4.59174
3.26424
2.7318
2.05166
0.499975
0.399033
2.43747
11.5797
2.29943
4.49238
0.460618
1.91822
13.5161
0.462799
2.15646
0.109229
2.33633
0.180193
0.58136
1.87051
0.500825
1.00562
3.35775
0.417285
0.595729
3.26555
1.1094
0.456914
0.747321
3.53678
0.664347
2.70409
2.06426
6.1012
2.80214
0.962908
2.59492
3.62378
0.553857
0.903231
7.55607
3.89896
0.253728
2.51142
1.74205
0.347583
0.416164
4.69749
0.717786
1.20237
2.0704
2.11089
2.06536
0.143882
2.52469
2.01194
8.26646
0.858033
1.1723
4.10863
0.87816
1.12027
3.97222
4.83441
1.88515
2.84812
2.262
0.427982
0.0438879
2.60456
0.443113
0.325977
0.893807
0.266035
0.728642
3.82505
0.198348
3.5646
4.44992
4.35443
1.96309
1.09581
5.04278
0.243835
0.612774
2.61531
2.34569
0.736857
2.98056
1.50817
1.86761
0.264898
4.66535
7.65068
1.2153
0.363329
2.64386
0.736282
1.41439
0.187949
0.906711
4.99925
0.531421
2.05055
0.566565
2.46912
1.54412
10.0733
0.17965
2.34847
2.84325
1.17323
3.70722
1.86002
4.88872
5.17042
2.70558
4.8153
0.225399
1.02437
0.296585
1.77121
1.57648
5.27227
5.58712
9.61535
1.72252
6.68578
5.96026
2.22601
1.17992
3.87836
2.88112
3.29978
2.0225
0.453325
0.662426
2.81713
0.612875
0.661016
1.1071
2.75897
0.686744
0.218104
6.98566
3.61789
2.79263
2.35749
0.879653
1.29308
4.4465
2.62867
0.32129
4.44246
3.99596
0.186741
1.52207
4.88672
1.67469
4.96885
0.455244
4.19772
1.6203
0.225593
2.76157
6.72594
0.729728
1.53192
1.18638
1.99892
0.782177
1.16616
1.47757
8.14021
5.88995
0.0742076
1.67198
0.76079
0.535701
0.30717
3.46231
0.737658
2.8215
2.30998
1.44882
0.171124
0.418663
0.757351
3.01428
4.23978
4.0159
0.0151043
0.673256
0.404147
0.35033
3.75587
8.30647
0.95071
0.0681018
1.90724
0.27801
4.49696
2.6842
0.535133
3.12899
1.02136
4.10521
3.71974
4.01016
1.33843
7.50875
2.00295
1.48201
0.821983
0.327776
4.24301
3.06037
2.17372
2.02132
0.704475
3.11904
0.191212
0.201977
0.623179
4.19636
2.5504
3.25422
5.0807
4.91671
0.0216609
0.743493
5.91639
0.181571
0.427002
3.05012
0.145358
3.06924
0.436528
5.09519
1.81133
1.53073
0.246373
0.168587
2.22366
2.83223
0.512226
2.77904
2.0764
7.63213
0.486701
3.10517
0.215332
3.7413
0.298529
1.08857
0.349838
5.21145
2.05734
0.811718
0.682231
1.04349
5.55972
0.762417
1.7111
2.25381
3.13673
8.41668
1.08905
0.478941
0.155699
3.12876
0.700136
13.3836
1.44513
0.672347
0.208755
0.00389393
4.19486
5.11852
2.18549
0.199927
0.011599
1.00571
0.79251
0.161503
4.50931
0.049851
3.3016
0.120087
3.41587
3.24906
2.47524
0.700191
1.53877
0.146157
0.115276
1.41514
0.342208
4.20809
0.494882
1.11634
5.99535
2.93884
6.73079
2.21107
1.18212
0.395763
2.49012
2.08942
0.056585
1.41841
2.45419
1.75481
2.37867
1.08312
4.15665
2.51846
0.94272
0.870306
2.02868
5.56796
0.26227
0.762496
1.00714
2.362
0.489777
2.76447
3.87423
5.85863
0.574175
1.69789
0.297879
4.31997
0.279237
1.35425
0.568264
5.8712
3.59645
0.029591
4.96042
3.3937
3.08937
2.59157
4.38333
1.36908
0.308784
1.07977
0.260251
0.225241
1.25691
1.88596
2.37273
1.1643
0.034623
3.69123
2.74244
2.53185
1.40615
1.58405
1.08821
2.68434
0.445958
3.55307
3.52967
2.93156
1.59775
0.820413
0.712733
2.66922
8.22259
2.42474
1.90494
3.06891
1.61018
3.81285
3.99656
1.81205
0.296578
0.481751
2.19161
2.11341
6.33424
2.15553
0.158331
8.13156
2.14352
1.20252
0.224892
0.833646
0.0392264
1.02367
0.487794
5.58672
4.85925
1.32347
2.50148
0.27489
4.90727
2.29022
2.19889
0.603562
1.66027
5.79677
1.49655
1.47802
0.42334
4.05461
1.24784
2.28851
0.471574
1.77368
4.2814
0.0589809
0.527175
4.469
0.20307
5.37737
0.834623
2.04097
7.25966
5.58266
0.0770796
0.071523
1.32678
0.576276
0.187426
0.646578
1.36164
0.423866
0.399421
2.77292
1.10823
0.0043992
1.41441
0.189306
2.09585
5.80286
7.91391
3.86118
2.8488
1.45096
0.336234
5.40191
4.67663
0.321667
0.921043
3.64808
6.76625
0.748524
4.86388
0.0798225
0.431616
0.989774
0.113192
2.98986
1.68802
7.47806
0.0208522
8.63123
4.86419
0.565607
1.49891
0.414518
0.155866
5.76095
1.573
0.0243938
1.27536
2.20815
2.32992
0.278257
1.84297
0.151579
2.08185
2.23993
2.73367
0.329891
0.719752
1.30795
4.60616
0.647696
0.00594119
2.18496
5.12213
0.765358
1.25733
1.67325
0.0239385
2.9649
1.55398
0.78193
8.48564
0.645845
5.64797
2.87572
0.155822
0.389781
1.16804
1.52308
3.82528
6.06644
3.79258
0.418673
4.28496
0.354467
6.57113
3.50507
1.73901
3.03859
0.610084
0.319991
0.731829
2.77167
0.646632
0.556806
1.17054
0.734059
0.961953
0.988634
0.958916
1.23395
2.03219
1.02617
3.77378
0.703981
2.06685
1.44359
0.72809
1.71133
0.421699
1.16956
1.15064
0.45388
1.05268
1.17008
1.94466
1.02703
0.473544
4.40215
1.04565
0.419479
3.22559
0.19043
0.596999
0.421638
2.37065
0.155142
1.28714
2.10461
0.85379
4.59069
1.43853
3.69322
4.07674
2.81798
0.173546
1.42059
3.68778
0.498347
0.124675
0.838969
10.9006
5.12286
1.44948
2.33376
8.41013
3.06945
0.0352517
1.23396
0.526677
0.168691
3.5478
1.15189
1.4705
0.560395
1.76633
3.50436
1.71619
4.4915
1.84861
0.236806
1.10693
0.516181
4.30242
1.42247
2.89523
7.16624
2.66494
2.02248
0.776837
0.909491
1.01871
0.710202
2.29077
0.982488
0.329909
2.79512
8.98638
4.24268
2.06697
0.324264
0.563256
1.03405
0.848156
1.49102
3.43709
2.33278
3.70848
0.796795
1.13124
0.72494
2.40316
0.386987
0.0922625
0.188739
0.532796
2.42054
5.34684
1.26649
1.95604
1.76524
3.19764
5.50463
2.57552
2.28271
3.01217
1.59704
5.26193
2.31493
4.07165
6.58274
4.65384
4.51567
1.86359
1.43724
3.08154
0.891925
16.4033
1.16929
3.64279
0.86884
4.47192
1.98201
1.1126
1.64481
3.19272
7.96442
1.28177
9.33945
7.98126
2.2905
1.64482
0.239518
0.0379326
1.13934
5.88838
1.79805
2.00944
3.82922
0.925435
3.02027
4.01817
0.906419
1.71213
0.88714
1.87596
0.830423
0.3645
0.293849
0.139207
1.46983
2.39708
1.07807
0.0618358
4.37477
4.00482
9.36786
5.35648
2.69433
0.111131
1.1652
1.56473
0.367702
0.469155
0.14965
0.567906
0.423558
1.73216
0.9219
3.20415
0.55543
0.953173
2.15866
2.73245
0.279796
0.66857
5.66301
3.80132
0.692241
0.893729
3.3829
0.465184
1.45067
4.46175
3.78911
1.37713
9.67659
1.80358
0.599405
2.55944
0.911427
6.25887
0.277576
0.144407
0.895995
0.408221
2.45461
1.62077
5.49353
0.427628
1.18436
0.768134
0.966227
7.38778
0.47295
0.808632
1.20584
0.772018
8.29277
1.1666
5.81509
1.73095
0.346317
1.72294
2.28976
1.11007
3.07899
0.200274
0.40449
1.89341
1.08804
0.258115
0.599632
0.967462
1.68214
3.36596
1.52148
1.19287
2.29151
0.450089
0.971575
0.878015
2.54361
1.75776
1.62214
0.182479
0.648732
0.602544
1.39921
0.100135
1.92971
2.74317
3.92239
0.838632
0.876268
5.15918
0.566129
0.35486
0.626186
0.997729
1.54326
10.2228
0.189445
2.42001
3.59739
0.54082
1.34353
0.269232
4.22665
1.63955
2.70652
1.0091
4.26581
5.7695
3.88356
0.155729
0.464964
8.23722
4.00888
1.18405
1.97683
3.89234
2.22775
1.77276
3.9438
0.56125
3.57109
2.81569
2.03114
2.57576
0.626872
7.2243
2.41305
7.61837
0.957443
4.32572
1.88909
0.842546
2.72019
0.0398458
0.0447796
2.32991
3.58351
0.188867
4.30174
1.48262
0.213873
3.16603
2.83046
0.18002
2.23452
0.201746
1.15392
0.638855
2.5232
0.347126
2.70259
1.57579
0.00600213
3.44103
6.07169
0.722336
1.11521
1.33929
0.430599
0.571504
4.93744
8.06628
0.868499
2.58993
0.136419
2.55675
4.88465
2.73172
2.57621
0.559814
0.629522
2.19876
1.84297
5.40668
0.440523
1.89203
0.157663
0.903068
2.16368
2.27974
1.23623
1.78964
8.65726
0.42553
1.96377
0.074907
0.420288
0.279022
0.285432
1.70481
0.948163
1.8913
1.4289
0.0321018
0.410481
1.88486
0.180113
1.39894
0.20281
1.05475
0.764454
0.572633
0.624812
3.33413
0.550039
0.659263
1.9958
1.30188
2.41704
4.18384
4.16311
12.961
1.44156
1.32134
0.564894
0.728645
0.0624203
0.817182
3.2685
0.439749
8.92366
2.32104
0.685261
2.0326
0.654673
3.62813
3.90841
2.67824
0.489289
1.32083
0.464048
1.46343
2.90517
2.18299
0.980928
2.94183
0.193517
1.69905
1.8554
1.01771
1.02799
1.02562
0.624451
0.0931361
3.56668
4.14662
1.99086
1.86494
2.34803
0.0330908
1.07361
0.326203
0.280323
1.31585
3.44893
0.368176
2.74568
1.04383
2.45536
8.70766
0.751221
0.771205
0.0377122
2.345
1.5234
1.24162
4.22179
3.72071
1.34384
4.30328
4.71256
0.289205
3.16523
5.06048
0.918697
0.0142984
4.17838
5.73974
2.34779
0.871884
1.2605
0.977463
5.86951
4.25321
1.48256
2.80106
0.608154
0.799686
4.38555
0.610141
7.88908
3.01993
4.58442
3.73728
0.223119
1.02348
0.567405
2.25864
0.572983
1.30245
0.748193
0.577893
0.00151367
6.31367
0.371761
2.87192
3.57514
8.27126
4.64725
3.84751
1.3504
0.435664
2.8757
0.384566
0.226832
0.202745
3.48639
0.430834
1.70753
0.807905
1.72705
0.148967
3.4909
0.0322011
0.359735
0.253585
0.944874
1.00585
1.55726
2.52029
3.61336
0.312821
4.71238
0.820624
1.47558
2.64495
4.09609
4.02446
2.88042
1.29443
8.86734
0.0307729
2.49995
0.516221
4.19066
0.86205
4.50453
1.62067
1.47315
0.416875
1.19824
1.92725
0.553402
4.41165
7.00569
1.14911
1.02914
5.96504
0.205674
0.811343
9.78675
0.925299
0.424128
1.93499
0.192709
4.05109
10.5236
2.91701
2.51553
0.803706
1.25219
0.660899
1.90555
1.01103e-05
1.00183
4.68226
1.51205
0.724964
0.453774
2.5767
0.402245
2.86653
0.0691939
2.85838
0.65961
2.53619
0.274747
0.143856
2.07445
1.36102
1.01908
0.670814
2.37776
1.63436
6.40476
1.37731
4.68335
1.10721
1.57237
3.40069
2.86834
4.51578
2.74649
1.69095
2.2211
1.59529
1.98102
1.48764
0.223294
3.14008
2.42939
3.34544
1.19901
5.08248
0.353313
2.9731
4.94561
9.9719
0.967167
1.17348
5.2352
0.889776
4.06014
3.27296
5.35121
0.981504
2.42009
1.19748
0.147419
2.7739
0.18899
1.10096
0.369032
0.128204
1.98394
10.4425
0.327627
0.589956
2.72016
0.646221
1.38903
0.299185
2.54502
5.54696
9.81827
0.593567
0.394461
0.285809
0.143889
1.73554
0.358378
2.41172
3.47529
2.12431
0.666488
3.2375
0.024234
1.90427
2.62128
3.03781
1.0286
0.062435
1.82607
0.785623
1.99524
0.633541
0.720045
5.61423
1.08057
4.26437
5.34967
5.25262
4.56231
4.4241
1.91913
0.844244
1.23836
1.65628
2.67762
1.64308
2.06483
2.78945
0.48136
4.58838
2.33094
0.160614
3.97848
1.58151
0.823226
0.481008
0.908095
1.55507
0.19113
0.781313
2.48358
1.6775
3.17056
1.97095
2.48778
0.417267
8.08927
2.95436
1.68336
0.513325
1.5112
2.93209
0.723731
0.300561
3.58423
4.72036
7.82525
0.281884
0.0933106
6.85528e-05
2.68045
0.835057
7.25353
1.92065
1.40432
0.703359
4.30484
0.659713
1.27416
2.15938
0.542201
3.66699
0.3006
0.619469
0.304342
1.16792
1.11557
5.14547
2.08902
0.912107
0.112343
1.09844
0.139917
0.298667
2.32454
1.18541
1.25601
0.784155
2.62571
0.248638
0.492784
1.54568
1.07657
0.489578
0.435382
3.64795
1.61462
1.3427
5.52488
7.42751
2.10861
1.60604
2.11675
1.77867
0.600741
0.256604
3.15805
2.74646
2.80527
0.761235
2.8538
4.56775
0.337778
6.70531
10.187
0.0467057
0.509051
1.60143
0.0441563
4.17602
0.776516
1.39052
0.441734
0.0368487
2.47596
4.49762
2.51529
0.454529
1.7271
3.05207
0.0920671
8.79243
0.0452412
1.0106
0.232496
0.711266
2.75394
4.7866
0.0584575
0.527698
1.59593
3.50042
3.82001
3.22108
0.0818781
0.536062
8.56304
1.54187
3.05879
0.321901
3.80376
7.57241
1.3404
5.29642
0.100088
5.01175
3.32897
1.98167
0.521018
0.625609
0.926023
4.37122
1.42893
1.88082
0.405287
1.14304
0.718336
1.29138
0.0673255
5.45246
0.0915918
6.49788
0.385762
3.101
0.381345
0.161252
0.49033
0.271575
2.90681
1.11696e-05
0.275058
0.140152
7.67556
0.0899928
0.229791
0.804792
1.42765
2.80339
5.83194
10.6375
1.12563
1.21376
1.57661
0.151216
4.72914
1.06085
1.67972
0.821489
2.54539
0.033987
1.51468
0.63211
0.666358
1.58025
2.60184
2.67143
0.212048
0.595052
9.46427
1.38385
0.880818
2.52847
4.48464
3.43692
1.70952
3.37025
4.00753
0.382546
1.34385
3.68199
4.16597
2.81535
6.43185
4.1456
0.299809
0.717296
3.60702
5.6564
4.76903
0.00952177
0.888914
0.0970813
0.220531
8.98615
3.95039
5.99238
1.59194
3.54731
1.80671
2.84707
1.44003
0.528685
1.33206
0.149177
0.181643
6.52151
3.60173
1.85872
4.01032
1.28192
4.84642
0.32059
1.78572
1.46153
0.318348
0.780937
1.44877
0.544241
3.49512
0.540245
1.5034
4.97385
0.315473
0.492412
0.701731
0.638828
1.52976
2.40834
0.906228
1.36975
0.420752
2.0271
2.79282
6.33954
1.75426
0.476779
3.40313
2.51259
0.162605
5.25143
3.53799
0.0669627
0.575736
0.214424
0.255678
1.2016
2.01659
0.22561
4.39242
1.39605
2.49827
0.849566
2.00329
0.192653
1.31919
2.79666
2.41898
10.9703
0.219133
4.23205
2.76021
0.108454
1.26745
2.40428
4.35178
0.262163
3.25764
0.978304
1.02254
1.46937
6.28081
4.74533
0.643229
13.5018
1.14402
3.88494
1.56275
3.88949
2.9444
0.976618
2.72439
1.35362
1.21135
7.56696
4.92096
1.23909
7.73839
0.620742
2.09133
2.88383
3.88358
0.721112
0.314009
2.62579
2.81716
0.953558
4.66349
8.1542
4.07947
1.03814
0.417196
2.82834
3.00135
2.9485
0.781184
5.65661
0.480499
0.107047
4.73244
2.58589
1.67837
0.108588
1.10079
2.64407
1.78567
3.1314
1.63057
3.82789
3.24475
5.15727
0.803747
0.604088
2.29869
0.296167
3.4572
4.72879
6.04578
0.0595961
6.83067
11.3776
8.51261
2.61362
1.00314
3.03231
1.32074
0.234917
4.80407
1.15739
0.449683
0.769383
0.354258
3.87212
1.43647
6.57606
4.78616
9.19628
1.07009
2.48998
0.808216
4.31047
2.06825
2.80488
5.51146
0.000769116
0.515284
3.49909
5.92549
0.345952
1.84545
0.319313
6.46939
1.34584
2.37455
0.570869
1.18699
4.15877
0.453644
4.91096
0.0593273
0.572456
0.69944
1.44538
0.218062
2.67637
0.533656
12.5882
2.18921
2.38798
2.07589
1.71719
0.636796
0.560818
6.08825
5.72265
0.784265
0.952096
9.69944
0.956042
5.80836
2.21094
0.424622
8.91552
1.58614
5.30491
0.395953
4.44759
1.62874
3.49746
2.79589
0.919208
0.87639
0.844843
6.14283
2.24685
0.65782
1.21886
1.72367
0.618695
0.935763
1.19034
0.587838
0.319151
2.99444
3.13216
2.2211
0.571467
2.23357
4.89832
0.343927
1.35606
0.095538
2.68424
0.685767
3.5492
3.09106
3.01676
1.05903
5.32309
0.531374
0.242379
2.84589
0.881907
1.42284
0.0904275
2.03605
9.29157
1.12037
1.25624
0.423589
7.57394
0.943107
4.35371
1.80614
0.431475
0.683333
1.80083
0.539735
2.03109
0.92158
0.823044
4.84549
4.8428
5.46585
2.90644
0.842614
3.20439
1.50256
7.16944
10.8434
0.483034
5.95497
1.36866
0.8088
0.651173
2.96915
0.0661081
1.96611
5.29136
1.16922
1.90246
2.23573
5.65957
1.59726
6.20147
1.47599
1.94769
0.136406
1.32252
2.85748
1.88894
1.36852
0.0624462
1.83014
0.203057
2.60044
0.238635
1.92202
3.38341
0.065254
1.50947
0.127958
4.87037
2.64563
1.08307
3.015
0.801333
1.77832
0.565615
0.77135
1.60146
2.37745
6.79724
2.06864
0.799428
2.70494
0.048515
0.00454749
8.53875
0.811383
0.245647
1.26089
2.83238
0.353964
0.124646
6.57687
1.68344
1.62131
4.41869
1.55444
0.268577
4.58812
0.937125
0.293925
0.0675851
2.28574
0.588694
0.0203046
1.75854
6.50499
0.782837
3.48154
0.901584
6.8814
1.26643
2.11118
0.841632
4.01982
0.357394
7.80253
4.03074
0.833398
8.85598
1.22185
7.20747
3.70061
0.575754
1.1378
1.07496
0.0880692
1.53628
0.0832947
1.80689
0.431572
1.60126
1.38589
1.40153
2.70785
0.475896
1.53519
0.156559
3.703
0.606859
1.72894
0.984097
1.86082
6.7229
0.564163
0.426992
0.66459
3.71358
0.81482
1.10658
0.547204
1.35951
0.922845
8.69398
1.27954
0.609926
1.77567
0.977621
0.435821
0.22021
0.336182
0.0180066
1.61971
0.226355
0.0615569
3.51793
4.35047
3.27946
0.820647
2.70348
1.90103
2.28272
0.490582
3.03435
0.528744
1.953
0.577299
0.732328
0.310647
0.951193
5.26316
1.83754
9.31837
1.93481
2.00988
2.53228
5.78603
1.54679
4.72024
2.69794
1.73195
3.82226
0.179625
0.83537
0.0706675
1.87402
0.705098
0.393083
0.658907
1.18617
2.98833
2.78656
2.76142
0.101783
0.387913
0.845199
0.66548
5.71228
2.81537
2.02076
4.8414
4.47287
3.98378
4.26537
0.759705
0.339744
4.29647
0.766706
1.27954
0.145282
9.08183
2.16612
1.21163
1.11215
8.69836
2.22674
4.14416
1.48084
1.99334
5.60865
0.250898
3.01079
4.58221
2.89448
1.67187
3.26673
2.31025
0.42118
1.87457
1.15001
0.488503
4.35638
6.24545
0.998111
1.02321
1.13902
1.57613
1.5423
0.245194
4.41435
0.782354
5.5635
11.8444
5.31254
9.81084
4.14203
1.05244
1.4871
1.054
0.63571
0.997368
1.56468
0.690739
5.6094
0.315591
10.7334
1.41164
0.248321
0.644863
0.890325
1.63539
1.12897
0.877072
8.19527
0.120571
2.9473
2.31593
5.29606
1.41401
2.20801
2.31715
0.764645
2.15918
1.21068
2.62495
1.94565
0.394356
9.22741
1.75982
0.781449
1.89082
1.82615
13.1765
2.04119
4.90199
2.62514
2.2287
0.150406
1.38334
7.647
1.92616
5.52149
0.282633
0.839981
1.2704
5.82904
0.884783
3.80017
4.96893
7.84007
3.12019
4.23561
0.284401
0.919086
0.768321
1.96448
0.0783032
0.00180611
4.84226
1.75409
0.321953
3.07194
2.93184
8.11825
1.33897
0.17726
0.715261
2.98485
10.6146
0.545341
0.625453
1.38086
0.258753
1.29587
1.55889
1.53505
0.0430497
0.0395952
2.12757
6.70746
5.18562
0.0430029
5.1289
1.07065
0.494613
4.29792
0.27515
3.04917
13.6799
0.524491
0.270486
1.42004
7.87553
4.74209
2.32061
0.216234
0.827643
1.83517
1.11103
0.683281
5.25403
0.237815
0.331882
0.886403
1.11645
0.172336
1.07887
1.431
0.92859
6.823
4.62857
1.31451
3.47803
6.34279
7.63289e-05
3.43675
0.0944215
6.80945
6.20065
1.49248
0.480505
5.20176
8.602
2.09768
1.54232
1.49882
5.90651
1.0986
0.142547
1.99155
0.162654
0.215797
0.0832853
3.56674
1.37324
0.000128247
5.99577
0.082834
10.1712
1.57177
5.96472
0.713333
1.34395
3.38028
6.04601
2.09341
0.745438
1.23666
0.194597
0.129908
1.057
1.3936
1.33999
0.880559
7.98368
4.29558
1.94628
2.39652
0.0658254
0.868124
1.72458
0.112746
0.0502521
2.38145
1.04329
0.809031
3.41396
0.472228
2.07552
1.49889
5.2301
3.11932
0.491268
1.6266
2.57467
1.4533
2.83647
1.59222
2.65268
1.87535
2.25367
1.72254
2.11806
0.557691
1.1044
0.0900547
1.9658
1.2853
1.1404
1.56331
0.310872
1.13666
0.281827
1.8406
1.86064
1.27744
2.50943
0.353951
8.47112
0.676737
0.662053
0.934893
0.0608884
0.441253
4.98148
1.27156
7.49311
1.29246
2.18104
0.768544
0.663748
7.24035
0.337344
5.26726
1.52621
1.37804
0.317526
3.90929
2.30535
2.42913
1.59749
6.00288
3.27487
3.38557
0.406437
16.7228
0.30414
0.307298
0.380613
0.619605
3.32326
4.25236
2.24773
1.64392
0.930234
3.34185
0.4268
0.913974
0.315383
0.0836716
6.14023
0.974596
2.89401
1.05592
3.21373
3.00206
0.504535
6.02929
0.587636
0.886512
1.9895
4.2476
1.9724
0.054871
1.02287
0.867098
1.40662
1.97914
1.04032
1.93303
4.26038
0.471446
0.352164
0.257663
2.33298
1.2136
0.295744
0.430822
0.997361
0.0942845
0.640104
6.12489
1.60369
1.33644
3.19909
2.24778
1.02802
1.61156
2.27793
0.114646
1.97294
0.412859
1.96582
4.47688
0.910433
0.26025
3.69033
0.662312
0.022665
3.18348
3.30402
0.763817
0.027615
3.22879
0.282902
2.6743
0.631379
1.15613
0.408939
1.52641
0.880621
4.81761
1.15511
2.61756
1.07032
1.768
0.14544
1.21776
0.178694
0.549427
1.02232
0.552139
0.610879
3.16681
3.25067
2.05131
0.610566
15.879
0.99208
8.99988
3.61431
3.36238
3.78689
4.37983
0.676319
4.18307
8.64821
0.408253
0.11564
2.34946
4.7339
0.489741
0.999308
4.21567
0.186479
0.801535
0.372652
2.83905
1.12765
2.13483
1.91485
5.84104
4.35268
0.440264
1.06663
0.882897
0.574913
1.31008
3.07083
0.869853
0.368995
0.455185
3.48847
1.98661
5.48576
3.67681
0.502611
5.72361
5.82147
0.135034
1.74986
1.36752
1.19858
0.136168
5.7479
0.679132
0.280544
2.41423
4.10136
8.7566
0.224704
2.43204
3.03587
0.886676
0.0626377
2.48134
0.895623
5.10015
0.595536
0.572217
5.60826
2.16201
3.50095
1.35254
1.84613
1.08927
0.562997
0.455401
0.53109
1.79975
3.73863
0.347753
6.82269
1.63885
0.0285124
1.35956
0.204141
0.860203
12.0664
2.52232
0.556327
4.27852
2.48048
0.644279
1.87342
0.0193931
2.74376
0.81627
1.53281
0.252986
0.894738
0.648219
0.385205
0.248627
0.495761
3.56697
5.73944
0.266598
1.80717
0.548478
11.1404
1.34025
1.36202
0.785122
0.949707
5.94011
4.22103
3.62391
0.291481
6.78932
0.746159
0.413768
1.56516
0.0128934
3.50898
0.220248
0.341545
1.78617
0.08796
2.66012
1.38666
0.583833
2.52032
1.87807
0.803212
3.26121
2.34479
7.57854
0.883763
1.86133
2.97832
0.416799
2.66348
0.178034
5.18189
0.888576
1.6137
5.73017
7.44942
1.34904
0.590253
0.846089
3.03162
2.91639
0.305085
0.815962
9.16947
0.596413
0.440161
7.78343
0.406401
0.914849
1.10253
0.0198241
0.818739
6.9523
0.502322
3.59763
1.13316
1.76311
3.02643
1.00592
0.370576
2.47315
0.533183
1.62736
2.08252
3.17343
3.0823
0.0263747
0.858951
0.426681
0.46869
0.133427
0.328711
3.63421
5.53236
0.0474011
0.270611
3.3616
0.651326
1.63559
0.0822511
9.80474
0.807169
0.606236
3.20759
4.61584
3.9034
1.13582
1.63011
0.93565
6.3116
1.74823
0.383856
1.34861
1.56768
1.12107
1.48542
2.13702
5.5518
0.627481
0.403913
0.642372
1.90789
0.304961
2.88533
0.14519
1.6006
0.630179
0.00837404
0.515789
3.09135
1.11461
1.50327
4.27257
5.24599
4.64558
4.05888
2.05777
1.68306
0.380374
1.18414
1.45209
2.35203
2.16752
3.68505
1.45511
2.57189
0.151402
3.28904
1.36667
1.47022
0.069875
5.1874
13.2542
1.97561
1.61023
1.99567
1.03068
1.23252
2.38915
0.364021
4.94915
0.784523
0.000891709
2.50238
1.54908
5.06793
1.2983
7.58235
0.2959
0.606608
0.226913
3.4813
1.28901
0.851535
10.1895
3.34017
5.96617
2.09141
2.8395
1.33354
2.51078
3.20684
1.46954
3.32254
0.160102
2.42887
0.980706
4.36613
4.05461
0.351696
2.84852
0.158654
0.968891
0.603535
3.9989
1.15706
1.06592
4.70179
1.16315
2.5646
1.21898
1.97893
0.0839297
0.691411
1.33726
1.80491
1.97719
3.66108
0.138709
9.8653
0.422609
7.83537
1.40919
0.51563
0.228176
0.392961
0.859348
1.39252
2.54716
6.40129
0.0260153
0.0475521
4.72765
1.07935
4.31316
1.34373
0.854516
11.0115
10.4647
0.416175
1.44075
2.25366
0.7554
3.95418
2.6934
0.0417501
4.24945
1.52307
1.98243
2.27101
1.39612
2.5672
2.00486
6.40235
1.22759
1.39324
1.95891
1.86243
5.13664
1.76141
2.10164
3.26497
0.628307
14.1288
0.984779
0.447038
2.21619
1.48772
2.13789
1.83748
2.69044
4.23573
7.80058
6.65443
3.88538
1.20528
0.514396
3.51398
7.34305
2.68138
0.771643
1.22308
0.465303
1.30276
2.79734
8.46119
0.714525
3.59603
0.652089
0.70516
0.201214
2.29686
0.470607
1.12468
1.17948
2.03849
2.05414
1.15568
0.701132
5.45332
0.361104
0.211956
7.15638
1.71567
0.0460943
1.08618
1.38474
0.0854742
0.800839
1.65763
2.53541
0.153474
0.307816
1.53188
4.94484
8.71379
0.855999
3.32131
3.67483
0.00365594
6.70135
0.369134
0.0770644
1.17952
1.90267
3.19381
6.16968
1.14837
1.4564
2.32376
0.459595
0.0731632
0.402725
0.239638
0.704936
3.94697
0.966413
0.611616
4.21217
0.39164
2.74431
9.21331
0.421252
2.73399
0.161167
1.86664
1.58214
0.812044
0.629847
3.15451
0.221949
0.726877
3.12858
4.64171
8.92933
0.10352
0.270445
0.159412
0.322539
6.17704
2.00966
2.32363
7.10256
1.66912
0.905139
0.519072
2.86124
2.86867
2.80056
1.14741
2.19916
0.365458
2.53006
8.70279
0.802981
2.62846
4.69291
0.700783
3.76523
5.3658
6.0137
0.151623
0.41123
1.53687
8.27991
4.68871
0.863252
0.177233
0.842247
2.58534
4.19002
3.34574
0.507255
3.35279
0.370077
1.77569
0.883307
1.19845
0.556122
1.23603
0.756871
0.956023
5.79991
0.408513
2.85537
1.19281
3.84819
0.561056
1.32362
0.434514
1.69627
0.823055
3.86569
5.44075
0.322602
1.12818
11.053
2.48856
1.68621
3.51991
2.81142
0.381057
2.69648
2.02987
2.58378
6.14029
1.95359
1.16785
5.57503
6.63317
1.54673
0.565965
0.635896
1.63685
2.71778
3.81772
3.78876
2.24866
6.89125
1.76146
2.25485
0.313619
4.02677
0.907953
1.9417
0.507891
0.747271
4.65425
0.0072509
1.1645
0.078297
6.54856
1.51042
2.25463
0.232634
0.767851
11.1102
0.649284
0.514105
4.062
3.86543
0.723753
0.672717
1.15246
0.075317
0.5157
7.35872
0.00251137
2.54675
1.37787
5.86351
8.96133
0.258679
11.257
0.965148
0.0638939
0.73071
0.276247
3.90253
0.690171
0.066906
3.46728
2.22842
2.96955
2.84195
0.479146
3.48387
0.506963
1.31996
2.40116
2.76438
0.751547
1.81835
1.98457
1.7205
1.86861
0.578652
1.36529
2.34174
2.92977
1.09886
0.317208
1.71092
0.222227
5.05266
2.89146
0.441642
1.69859
0.552265
0.499893
1.16349
0.365135
0.674725
3.36912
0.0469386
2.7218
1.17
3.46282
3.94117
3.50152
2.0233
0.946372
1.25456
2.81716
6.812
2.90216
0.955855
5.23079
8.55424
4.69642
3.67009
2.57027
0.337949
8.09237
0.688524
1.96423
1.35751
0.662204
0.875373
13.4802
0.767572
6.96772
2.60464
0.482182
2.51453
0.12504
2.44848
3.15035
1.24985
6.03893
3.33064
1.57714
5.1669
0.651892
1.87793
2.13538
0.314187
1.51867
1.0133
0.566311
4.5828
0.0218898
0.589368
1.05709
5.01853
4.25139
2.32649
4.43881
0.923454
3.30937
1.28789
2.66247
0.117747
1.32355
0.706342
1.24353
0.444811
0.210951
1.0202
1.47165
1.54709
7.84186
0.700834
3.12344
2.43082
2.60402
2.8258
1.63563
1.60462
2.64564
0.479439
1.51673
1.16774
1.2181
1.00975
4.03509
5.56768
0.262215
0.149767
2.33592
0.71148
0.465842
2.39564
1.95732
2.67009
1.88598
1.82485
1.52475
2.41014
2.38977
0.327999
0.328829
2.85537
1.69022
2.86363
4.11606
0.156661
2.24318
11.8103
0.842458
0.367934
2.69352
1.76536
2.93619
1.52113
0.536859
4.37254
1.28027
0.00568595
3.93517
0.783286
6.64868
0.319291
11.309
2.123
2.37515
2.97003
2.73035
2.44543
2.60324
2.01303
1.69586
1.93212
0.21476
4.40861
0.441008
1.61009
0.19924
4.634
1.15042
0.235709
0.0160919
0.906256
0.33851
0.472366
0.169191
2.48378
1.56864
6.13079
0.136715
0.357964
7.74759
5.68701
0.435783
3.18658
5.67344
0.593075
3.05621
0.711064
0.588112
2.6343
2.85353
0.0284719
7.68095
1.57073
0.0278364
0.620833
1.51057
1.71398
2.5142
0.120812
1.38947
3.77895
1.0135
0.812776
2.26011
1.34179
1.57721
1.4387
7.23101
2.96768
4.19131
4.45346
0.565044
0.128366
2.49596
1.48685
0.663663
1.19554
0.583414
3.90376
0.183913
6.90257
1.2558
2.14639
1.20919
5.3078
0.105132
11.1828
1.20266
2.4272
1.24779
1.03815
2.15514
5.77091
2.62506
0.880787
4.53074
0.392082
0.355515
2.57502
4.44078
3.70359
1.17231
4.74025
0.926635
6.09075
0.600555
1.11491
0.673312
4.85172
2.29965
0.770945
0.783007
2.50145
2.62289
0.357336
4.44681
3.6062
0.560872
5.88552
0.36432
2.344
0.67421
0.331794
1.69971
0.53544
3.96335
1.68235
0.68123
0.267329
0.710308
0.865292
2.86707
2.19937
0.240201
2.50481
0.261776
1.12987
0.553486
1.65022
0.548922
5.78394
0.114782
0.828411
1.59626
4.04441
0.13056
0.510982
2.98791
1.19239
3.0368
5.25032
0.556015
3.08491
3.47256
1.5932
0.961866
0.469181
1.83543
3.94316
1.41485
6.8237
1.974
1.13501
0.0972843
0.614537
0.563567
2.25206
0.119532
2.30613
1.39189
0.157666
0.647958
1.65988
0.344377
0.764047
0.948569
10.9606
1.30251
0.432199
0.224479
0.327035
0.0527829
4.36486
0.0550437
2.9241
0.585985
1.09534
2.75966
1.71722
2.72487
1.56697
4.93568
1.40139
3.11377
12.2194
2.7967
0.0759311
0.629588
1.26091
0.82283
6.91477
6.34789
1.73382
4.16525
6.5714
1.03302
7.18438
0.774211
3.05462
0.942999
0.0383158
3.1899
2.65078
2.12613
0.534316
4.59886
0.843383
4.61401
1.64913
2.10264
3.4517
0.717729
3.44936
0.97233
6.94407
2.78517
1.52513
0.500293
3.05569
9.0647
0.762683
2.57051
0.955692
0.226189
0.739882
0.741702
0.781549
3.49444
0.672106
4.18313
0.306931
0.206486
2.81284
0.808919
4.00615
5.38939
0.0612969
0.986036
0.448602
0.0942871
0.8506
2.36482
0.112005
1.56098
5.41815
0.486658
0.60893
0.376294
0.0122743
1.95288
0.532079
0.914709
0.928092
3.76814
1.24325
3.71264
2.32087
1.35952
5.47084
4.21794
1.78405
2.07536
5.12702
2.12943
2.09939
3.03836
1.42965
0.246308
1.93269
0.944789
0.0631413
5.17689
0.787931
1.61733
8.91505
1.11762
4.41503
0.0516048
1.54719
4.10621
2.97057
0.658277
3.95939
2.71732
2.142
4.24469
1.16259
4.0029
4.67256
0.363553
1.67759
1.00373
6.04728
0.837873
0.136713
0.0821371
1.16655
1.93611
1.83965
1.79008
2.02343
1.15719
1.73548
2.35918
0.971069
4.19885
3.20369
1.67929
1.18952
0.39277
0.87747
3.74372
1.59649
2.1853
1.55127
2.91869
0.524693
1.92594
0.299255
3.59926
1.58375
0.61428
1.64798
2.46875
2.0206
2.12186
4.52886
6.11114
0.0633409
0.397849
0.636396
3.95205
3.62991
1.0798
1.55139
2.06133
0.415778
0.929095
1.34085
4.34381
2.97987
2.1781
0.285925
1.00672
1.24633
5.595
2.14239
5.03834
11.137
4.42562
1.7337
0.595047
11.0244
0.143223
1.10573
2.37087
5.49072
0.775726
3.86334
0.811741
0.380664
5.87767
0.057831
4.54189
8.37148
1.03907
1.2827
2.64487
2.98963
1.08475
0.658907
2.75139
1.79983
2.37996
7.36609
2.40486
1.17476
1.37516
1.8624
0.955186
0.927897
3.43549
1.22593
0.434821
4.15104
3.24597
5.893
1.74885
0.640877
0.240042
6.14576
3.03283
0.599854
0.848756
3.83069
3.38561
2.05759
0.40391
1.62262
2.63167
1.51188
0.647225
0.926122
7.56642
3.30425
1.4337
1.78273
1.29458
1.97731
1.27605
3.69008
3.10529
0.0571588
3.01733
1.7417
1.33267
2.68672
0.84266
2.55482
1.18101
2.09833
0.417964
0.0639926
4.93474
3.21875
0.634339
0.608367
3.33015
0.332135
1.52852
7.05349
4.47753
0.247557
1.77182
0.332268
0.718873
0.290548
2.39326
1.77165
0.943111
3.57448
5.63393
1.9646
10.2059
2.24564
2.04518
0.3097
0.0345155
0.656761
1.14378
1.78874
0.815023
0.775844
5.72913
0.527618
8.82332
1.63649
1.12995
6.30102
0.890166
3.1917
2.79217
3.44495
1.21712
0.13846
9.87772
1.06109
0.319879
6.51626
1.27544
7.19043
0.862641
2.86036
1.00445
1.68063
2.68508
4.87443
1.23206
0.870077
2.2766
1.13594
3.00574
9.44794
3.786
4.16292
6.52496
3.06028
2.09932
0.298185
0.0509024
0.45039
0.342451
0.626014
2.9151
1.87461
0.765272
0.974417
3.47003
1.47633
1.28243
0.319834
0.955577
0.206723
4.63878
4.01654
5.79878
0.276795
4.70359
0.471828
2.53099
1.20787
4.08826
1.8521
1.73651
9.06798
2.36621
2.86956
8.40998
1.77593
1.55479
0.572065
0.131351
2.63095
2.41477
0.327615
0.600978
0.965792
0.585383
3.14326
0.0867745
0.403635
0.607225
1.33266
2.31089
0.668558
11.095
2.39978
0.1442
1.32464
0.0874233
3.85825
4.55365
2.05166
1.79523
2.25838
0.0266818
0.14593
0.606181
5.44311
4.20205
4.84944
1.57928
3.98373
9.69183
2.55572
1.76254
1.95259
0.519891
1.41724
5.19863
1.46302
1.19029
0.297689
2.19926
15.0889
0.00206784
0.106891
1.80832
0.894984
3.88775
0.521761
2.36003
4.47839
2.15396
2.98452
0.0861202
1.46322
2.61943
0.573898
7.1445
0.739895
1.65788
1.53224
0.195693
0.797992
3.8066
0.769897
4.63034
0.420914
4.61805
4.15848
0.915263
8.20868
0.672984
2.15262
1.1092
3.30184
1.22629
10.2892
4.12557
0.650999
4.92319
0.632285
5.32773
0.094418
0.803733
0.961233
1.23885
0.654955
1.27367
2.94433
4.20783
3.62291
3.03672
2.36452
1.11693
0.280433
5.61925
0.00888516
1.28436
0.351837
2.80256
0.900971
1.59446
10.9651
5.17062
2.06324
1.39034
0.716814
3.13124
0.835422
0.613707
0.461723
0.400445
3.2208
3.6513
3.97226
2.89662
0.941674
0.783378
0.0927303
3.61886
4.74695
1.55892
0.795873
4.43429
4.25026
1.18723
5.86941
2.7009
0.603599
0.10971
0.176798
2.74484
2.07375
3.17701
1.4236
0.379133
1.87153
0.536771
0.671324
0.795915
8.60995e-06
2.98334
0.958542
4.92608
1.9628
0.0935255
0.0959514
3.45243
2.82086
1.74315
0.315517
4.26071
2.89454
2.01932
0.232505
2.06983
2.54646
1.31735
0.112922
0.0822591
0.884121
3.2672
5.86632
3.29237
1.06006
4.57865
0.416747
8.11634
0.939944
2.57862
0.83171
0.718797
1.04882
1.30319
1.64732
4.25155
1.43857
5.04009
5.10845
2.58758
2.16236
0.593791
6.68556
4.36102
2.50793
0.0322668
3.38647
0.808913
1.71544
4.1081
0.276953
2.25271
5.19202
0.577647
0.992316
0.734423
0.545221
0.581674
1.96733
2.59943
1.05905
0.0693834
3.92482
2.17908
2.48688
0.621156
4.98523
4.51046
0.425875
0.560894
1.13424
2.25005
4.00612
2.79639
1.85898
3.2524
3.36689
0.43916
0.42098
6.1477
0.41614
2.47431
4.61455
0.126848
3.97134
0.573704
3.31273
5.71995
4.10006
1.75793
2.77729
1.71946
1.61369
0.262875
4.29664
4.86852
0.637763
2.06529
4.99463
2.48998
2.19657
0.76243
0.185993
1.53166
5.25277
0.774683
4.50885
1.39536
1.94602
3.82277
2.27739
0.101134
3.43899
6.54391
3.55936
3.47501
0.0523748
0.245556
1.04533
11.8177
2.27459
1.51039
0.76868
1.71881
3.47508
5.19421
10.1833
1.28413
7.04148
2.82498
0.0593558
3.38846
0.194102
0.0101867
7.23413e-05
7.80901
0.705881
1.44255
5.10856
0.800813
1.29476
2.63333
7.6854
0.208325
1.5083
0.974373
3.00108
4.69614
4.88971
1.59701
0.130417
0.468671
0.357206
6.74943
2.37753
0.305821
0.394736
0.965566
0.415148
1.93449
3.04695
3.95041
3.08401
0.194947
1.20271
1.9004
0.0932962
1.22025
0.475352
7.40013
7.88478
2.22452
3.15352
0.627315
0.760296
7.37264
0.588183
1.21837
0.823721
0.401619
2.21951
0.499529
6.04502
5.21625
1.15694
4.29981
3.16808
0.640532
4.47451
4.75198
0.430686
4.61438
0.605702
1.0865
4.67603
2.90382
7.29501
0.740898
5.4075
1.09477
0.446372
0.81423
1.19392
1.08535
3.44775
2.59236
2.36414
4.20968
3.83195
0.170505
0.381024
2.67402
2.07067
2.66448
0.767762
1.3964
1.96671
2.2639
0.164222
0.256766
9.31758
3.33794
1.25715
1.93321
0.857692
0.484462
2.91804
8.3135
0.116498
3.05477
3.05427
1.24822
2.4226
1.78061
1.31822
1.56212
0.652526
1.83186
1.41182
0.5406
0.0859305
0.0475369
0.106441
0.913544
0.996292
2.36671
0.81874
0.00787011
0.893849
4.96383
0.176388
5.29045
5.79383
3.36982
0.561078
0.0866031
3.09283
1.28168
0.212658
0.12846
1.45974
2.02045
1.3704
0.358856
4.43837
2.15359
0.730134
6.37218
4.58479
4.68184
2.79409
1.2851
0.541196
4.51474
2.10007
3.82532
1.6752
2.96047
0.515902
0.270733
0.333842
2.01712
3.4657
0.966114
1.57669
3.37112
0.118813
1.2587
0.278849
1.0537
2.05217
1.5441
3.2853
2.60221
1.07191
0.178774
0.366544
2.88921
0.964979
4.8006
2.16021
0.983613
4.90177
1.40131
0.00980971
1.29538
2.53441
1.16658
0.744332
0.233368
1.11544
0.793874
9.3404
0.213579
0.870355
7.75483
4.11557
1.50191
1.14625
1.22776
0.916351
3.80617
2.5842
1.39587
0.400769
0.223308
0.212156
0.487473
1.03258
1.93394
4.10504
3.25193
3.03115
1.75218
1.91493
0.962824
1.96584
6.714
0.28544
3.56317
0.838662
1.72356
2.80989
0.138085
2.55378
1.88718
3.28239
0.191686
6.14107
0.253828
0.148134
0.239954
5.3772
1.92528
1.71278
3.74966
0.742895
9.08094
0.376775
0.453166
1.46982
0.0537864
0.356929
0.933557
5.13428
0.0575819
0.591709
1.77365
0.269547
2.67766
0.845871
2.11809
0.603673
1.97724
2.48913
1.23095
0.417426
1.37183
0.0677076
1.4824
2.78069
1.43574
4.14268
1.81039
5.58165
0.592802
0.575125
0.855616
5.63337
2.72393
1.6842
2.91443
8.07432
5.94083
6.95093
2.58807
0.68568
10.6583
1.17646
1.47917
3.04999
0.750993
1.03493
3.30568
1.12614
2.59231
1.66064
0.625821
2.06198
3.38482
0.770882
8.33019
0.326192
0.938053
1.30614
1.41933
0.630155
6.4219
1.39489
0.184226
0.924527
4.28694
0.84153
0.868789
1.70976
4.57311
1.47226
0.452468
3.47356
0.346101
1.13382
0.81749
2.39592
0.541428
4.85489
3.29726
0.994308
3.26339
0.614037
3.11156
0.729581
2.61314
1.24951
0.51987
2.26052
0.491358
0.885205
0.415187
5.74899
2.93711
0.291334
1.49788
1.82748
0.707047
1.34768
0.998059
0.233926
6.64761
1.8386
1.62991
3.2234
3.2094
2.37076
0.0975609
0.452726
1.03474
2.21116
0.653761
1.74581
2.75842
4.58389
0.540427
1.20694
0.168091
0.0237008
1.85678
4.76778
1.84466
1.36263
0.754119
2.0912
5.2194
0.609811
4.70376
4.01861
5.29884
1.98974
1.96888
2.35293
0.473305
6.07215
2.11251
0.610155
0.0485018
0.346994
3.44377
0.522715
0.883434
4.34206
1.40893
2.88167
0.584239
3.76653
0.109745
0.337288
6.35282
0.710974
0.187221
4.54615
0.750457
1.18536
2.57924
0.471278
1.46795
3.45567
1.64699
2.351
2.40916
0.77009
2.213
1.10107
1.40151
1.45456
0.166398
0.833627
1.53377
3.97383
2.67574
0.745769
0.156177
0.34383
2.99729
1.04971
0.0490202
3.28171
0.492511
3.43884
1.50462
1.87751
1.33233
5.90602
3.58258
1.10977
0.607333
0.0927261
8.23629
3.91311
0.331566
2.09801
4.28895
0.844806
0.500395
1.51454
2.82719
0.376788
3.83753
1.18146
5.62055
5.23913
0.328417
0.571335
4.4231
0.45285
0.266913
2.77067
8.46375
0.0659989
1.88041
0.51177
2.27017
1.61225
3.27371
0.0994132
0.789648
7.60417
0.518789
0.622119
2.88262
0.367268
1.18565
0.701409
0.0760138
0.808373
0.931908
1.2714
2.64051
9.47333
1.93748
4.15136
1.91256
1.63096
0.192694
3.07365
0.406431
9.3698
3.76012
1.68076
7.33626
3.49794
1.4607
8.26594
6.63372
0.55065
2.72345
1.16834
2.03887
0.967488
4.58793
2.81069
0.0102912
4.91189
0.084471
6.36156
2.25923
3.46652
0.387689
4.50679
3.51799
2.1641
1.65538
1.51782
2.90211
0.225669
3.02546
0.159399
2.35128
1.73266
1.58878
1.90351
2.06471
1.69646
7.73664
1.83124
2.00852
0.74318
0.441416
0.365238
1.06128
1.01494
2.88471
1.56451
1.46167
4.40406
3.2772
2.22546
0.718299
0.441409
5.77951
2.20101
3.80108
8.71271
2.29968
2.88778
4.00246
0.330022
4.27279
5.08878
2.78772
0.573417
0.0439277
1.74456
0.232683
1.43245
0.15722
1.92797
1.05881
0.418991
5.71941
1.88999
6.85779
0.367068
0.209098
1.76208
3.84819
3.20648
0.991269
3.04676
4.46973
0.674014
18.7798
0.187765
3.34357
2.06389
0.538685
4.65276
0.204904
1.5179
0.407993
2.98552
0.244832
2.5322
2.19667
10.4701
4.1448
0.894011
0.952473
0.229879
2.19874
0.104937
2.97581
2.9308
1.87093
0.367795
3.88869
0.252084
1.77201
6.06039
8.81262
3.5938
1.60933
5.10411
1.37361
2.54634
1.11164
0.348636
1.80471
0.723233
1.74814
4.59854
1.79988
0.811518
1.19273
2.43079
1.25915
0.127131
0.0547408
0.754965
1.90743
4.01723
1.13902
0.0966196
1.85439
0.602848
6.87528
0.740881
2.85078
2.73607
1.26078
0.0480458
1.10425
1.26769
1.90978
1.75631
0.58983
5.1243
2.48178
5.55284
6.23387
0.367839
1.86142
0.395585
5.32588
0.768586
3.40486
0.673532
4.64757
2.33954
1.10519
0.98815
0.0736757
5.8604
0.205681
0.672262
1.22506
3.40535
0.422362
0.553183
5.33553
1.27794
2.82074
2.92248
3.06759
0.274993
3.22056
1.21202
1.25585
1.86044
3.11852
6.72605
6.81588
0.452105
0.368348
0.128057
0.78118
0.234049
3.97982
1.0424
3.37482
0.205914
6.11469
4.73385
4.97318
1.3151
1.32801
0.800058
10.6552
0.128361
1.699
3.30514
0.58606
4.24516
10.0264
0.30508
2.01985
2.69952
1.43077
2.84314
0.826687
0.0181384
0.565959
3.84138
0.295455
1.53936
0.0911748
5.26026
1.75042
2.82942
5.61878
0.61354
2.45462
1.00194
5.73563
1.56797
0.805998
1.67352
0.787586
2.56193
0.644663
1.96584
0.106528
2.61685
6.20517
3.51109
0.869445
2.31411
1.00647
0.94734
4.35093
0.0819173
3.63077
0.884273
3.03308
0.0424662
2.80599
1.08574
2.34279
1.1666
0.775061
6.92079
0.104632
1.12558
2.89432
2.04329
3.01413
0.147307
1.72329
2.41127
1.57839
4.93743
4.78495
0.210679
7.04359
4.31583
7.47167
3.11366
1.91123
0.752533
2.02048
3.94301
0.754913
1.29308
2.25908
2.42158
0.0877313
1.79001
4.22917
2.38276
0.0577268
5.76264
2.12642
0.207217
1.44974
0.32716
2.56428
2.28809
9.18931
4.01481
0.00906779
0.848778
1.02912
0.708581
2.96063
1.49187
0.861306
1.18692
5.71586
1.68486
0.412546
2.69435
1.45352
2.05998
5.73431
1.267
1.68754
7.65509
0.310538
0.0897615
5.67891
1.07212
1.06587
1.38825
0.166392
6.58701
8.76085
7.61502
5.89798
0.861163
1.67698
4.2318
7.40969
3.35132
1.76625
12.0118
0.631625
1.33563
1.46562
0.473877
0.181616
2.14768
1.27906
4.84415
1.35887
1.03472
1.05565
4.52428
1.60053
0.154278
4.02472
2.36707
1.33107
6.29323
1.6509
4.18665
0.423103
0.114704
0.276215
0.319166
0.438697
1.24404
0.339938
1.38177
2.67378
3.81542
0.44163
0.820902
0.623705
5.44942
2.15895
0.0887244
2.29759
1.74717
1.71216
0.776329
3.65948
0.0848602
1.50592
10.0274
3.34515
6.74721
0.342762
0.0429517
0.210208
0.107957
1.64468
1.53287
0.372409
0.206182
2.84678
0.258131
1.0462
0.102484
2.53932
0.032549
0.873695
4.95302
0.416028
8.08618
0.0333747
4.35538
2.2699
0.108002
3.99565
1.56977
2.9504
2.31668
2.71711
3.79733
3.2437
1.7828
1.05743
3.19705
3.7099
1.86983
0.972547
2.59207
1.55509
0.862588
1.37166
0.0457214
0.975698
0.655332
5.76029
2.40151
0.175161
0.365121
1.83382
11.0791
1.82354
0.433047
2.83785
3.61694
2.86191
0.123695
0.0957539
5.75775
4.11861
3.7099
9.58936
4.31998
2.75278
3.43449
0.158846
1.12267
2.71208
0.148829
2.47603
0.124968
2.2682
3.79374
3.16035
5.1765
0.316992
0.206898
1.70653
0.518833
2.06553
3.22159
5.23073
2.26421
3.44861
3.11847
2.83542
0.102255
0.516874
0.504608
2.49244
0.566643
3.16696
5.93733
1.67147
1.81139
0.395173
2.91919
2.63323
0.0600098
2.27611
4.0342
1.45291
1.30251
1.19339
0.110503
3.47987
0.965732
1.0638
5.85163
0.178703
0.210823
2.54525
2.17879
0.616764
4.64088
2.1263
1.2109
2.3599
1.18315
1.04553
0.620227
0.458362
1.21862
1.21206
2.99188
3.64927
0.111133
1.10604
1.7153
3.49225
1.50934
0.623583
2.29742
0.574464
0.576844
1.34684
0.237561
0.429866
0.880603
1.14693
8.59053
3.77479
4.66263
2.76374
1.45116
4.26803
1.79793
1.57271
1.11565
3.21948
1.09741
2.6715
2.92933
3.75842
3.49634
3.30303
3.4244
0.278339
1.12937
0.51748
1.66904
2.6392
1.55579
0.252288
4.79722
1.80692
1.60111
1.25021
3.05003
0.285865
1.98814
8.31847
3.16112
3.01133
0.898677
0.213966
2.5684
6.1423
6.91077
1.24566
1.32252
0.148407
3.56931
1.62766
1.85387
4.623
4.18294
0.0288209
3.22859
0.375692
1.15561
7.51764
0.154768
1.26658
1.52558
0.00596927
1.38903
2.39526
0.709346
1.45174
0.178216
3.89215
0.709531
3.86069
2.85648
5.3685
0.499695
0.150698
2.04287
3.40829
2.77031
0.191626
0.524486
7.42031
0.114631
0.0673099
0.425661
3.55281
4.18833
0.448627
1.81036
1.39551
1.03347
0.230463
0.126111
0.116425
1.03658
1.82751
2.4395
2.07965
1.15291
4.86187
1.32224
1.30938
3.03583
0.817255
4.06717
1.93096
0.209252
2.23494
1.0241
1.23485
0.266236
4.98493
3.91125
6.92848
2.69914
0.394598
1.13564
3.09589
0.224737
2.79261
3.56072
0.582014
0.827858
6.50752
9.57612
0.282181
0.611106
1.08222
1.85776
2.52687
5.93003
0.4321
4.10125
1.71069
3.15062
3.67803
0.432683
1.55353
4.13539
0.0916807
0.273226
1.70184
2.19078
0.0765754
0.74692
